cella#1	0	0	5	5	0.00000610388817676860
cella#2	5	0	5	5	0.00000610388817676860
cella#3	10	0	5	5	0.00000610388817676860
cella#4	15	0	5	5	0.00000610388817676860
cella#5	20	0	5	5	0.00000610388817676860
cella#6	25	0	5	5	0.00000610388817676860
cella#7	30	0	5	5	0.00000610388817676860
cella#8	35	0	5	5	0.00000610388817676860
cella#9	40	0	5	5	0.00000610388817676860
cella#10	45	0	5	5	0.00000610388817676860
cella#11	50	0	5	5	0.00000610388817676860
cella#12	55	0	5	5	0.00000610388817676860
cella#13	60	0	5	5	0.00000610388817676860
cella#14	65	0	5	5	0.00000610388817676860
cella#15	70	0	5	5	0.00000610388817676860
cella#16	75	0	5	5	0.00000610388817676860
cella#17	80	0	5	5	0.00000610388817676860
cella#18	85	0	5	5	0.00000610388817676860
cella#19	90	0	5	5	0.00000610388817676860
cella#20	95	0	5	5	0.00000610388817676860
cella#21	100	0	5	5	0.00000610388817676860
cella#22	105	0	5	5	0.00000610388817676860
cella#23	110	0	5	5	0.00000610388817676860
cella#24	115	0	5	5	0.00000610388817676860
cella#25	120	0	5	5	0.00000610388817676860
cella#26	125	0	5	5	0.00000610388817676860
cella#27	130	0	5	5	0.00000610388817676860
cella#28	135	0	5	5	0.00000610388817676860
cella#29	140	0	5	5	0.00000610388817676860
cella#30	145	0	5	5	0.00003561929523518600
cella#31	150	0	5	5	0.00000610388817676860
cella#32	155	0	5	5	0.00000610388817676860
cella#33	160	0	5	5	0.00000610388817676860
cella#34	165	0	5	5	0.00000610388817676860
cella#35	170	0	5	5	0.00000610388817676860
cella#36	175	0	5	5	0.00000610388817676860
cella#37	180	0	5	5	0.00000610388817676860
cella#38	185	0	5	5	0.00000610388817676860
cella#39	190	0	5	5	0.00000610388817676860
cella#40	195	0	5	5	0.00000610388817676860
cella#41	200	0	5	5	0.00000610388817676860
cella#42	205	0	5	5	0.00000610388817676860
cella#43	0	5	5	5	0.00000610388817676860
cella#44	5	5	5	5	0.00000610388817676860
cella#45	10	5	5	5	0.00000610388817676860
cella#46	15	5	5	5	0.00000610388817676860
cella#47	20	5	5	5	0.00000610388817676860
cella#48	25	5	5	5	0.00000610388817676860
cella#49	30	5	5	5	0.00000610388817676860
cella#50	35	5	5	5	0.00000610388817676860
cella#51	40	5	5	5	0.00000610388817676860
cella#52	45	5	5	5	0.00000610388817676860
cella#53	50	5	5	5	0.00000610388817676860
cella#54	55	5	5	5	0.00000610388817676860
cella#55	60	5	5	5	0.00000610388817676860
cella#56	65	5	5	5	0.00000610388817676860
cella#57	70	5	5	5	0.00000610388817676860
cella#58	75	5	5	5	0.00000610388817676860
cella#59	80	5	5	5	0.00000610388817676860
cella#60	85	5	5	5	0.00000610388817676860
cella#61	90	5	5	5	0.00000610388817676860
cella#62	95	5	5	5	0.00000610388817676860
cella#63	100	5	5	5	0.00000610388817676860
cella#64	105	5	5	5	0.00000610388817676860
cella#65	110	5	5	5	0.00000610388817676860
cella#66	115	5	5	5	0.00000610388817676860
cella#67	120	5	5	5	0.00000610388817676860
cella#68	125	5	5	5	0.00000610388817676860
cella#69	130	5	5	5	0.00000610388817676860
cella#70	135	5	5	5	0.00000610388817676860
cella#71	140	5	5	5	0.00000610388817676860
cella#72	145	5	5	5	0.00009665817700287200
cella#73	150	5	5	5	0.00000610388817676860
cella#74	155	5	5	5	0.00000610388817676860
cella#75	160	5	5	5	0.00000610388817676860
cella#76	165	5	5	5	0.00000610388817676860
cella#77	170	5	5	5	0.00000610388817676860
cella#78	175	5	5	5	0.00000610388817676860
cella#79	180	5	5	5	0.00000610388817676860
cella#80	185	5	5	5	0.00000610388817676860
cella#81	190	5	5	5	0.00000610388817676860
cella#82	195	5	5	5	0.00000610388817676860
cella#83	200	5	5	5	0.00000610388817676860
cella#84	205	5	5	5	0.00000610388817676860
cella#85	0	10	5	5	0.00000610388817676860
cella#86	5	10	5	5	0.00000610388817676860
cella#87	10	10	5	5	0.00000610388817676860
cella#88	15	10	5	5	0.00000610388817676860
cella#89	20	10	5	5	0.00000610388817676860
cella#90	25	10	5	5	0.00000610388817676860
cella#91	30	10	5	5	0.00000610388817676860
cella#92	35	10	5	5	0.00000610388817676860
cella#93	40	10	5	5	0.00000610388817676860
cella#94	45	10	5	5	0.00000610388817676860
cella#95	50	10	5	5	0.00000610388817676860
cella#96	55	10	5	5	0.00000610388817676860
cella#97	60	10	5	5	0.00000610388817676860
cella#98	65	10	5	5	0.00000610388817676860
cella#99	70	10	5	5	0.00000610388817676860
cella#100	75	10	5	5	0.00000610388817676860
cella#101	80	10	5	5	0.00000610388817676860
cella#102	85	10	5	5	0.00000610388817676860
cella#103	90	10	5	5	0.00000610388817676860
cella#104	95	10	5	5	0.00000610388817676860
cella#105	100	10	5	5	0.00000610388817676860
cella#106	105	10	5	5	0.00000610388817676860
cella#107	110	10	5	5	0.00000610388817676860
cella#108	115	10	5	5	0.00000610388817676860
cella#109	120	10	5	5	0.00000610388817676860
cella#110	125	10	5	5	0.00000610388817676860
cella#111	130	10	5	5	0.00000610388817676860
cella#112	135	10	5	5	0.00000610388817676860
cella#113	140	10	5	5	0.00000610388817676860
cella#114	145	10	5	5	0.00000610388817676860
cella#115	150	10	5	5	0.00003561929523518600
cella#116	155	10	5	5	0.00000610388817676860
cella#117	160	10	5	5	0.00000610388817676860
cella#118	165	10	5	5	0.00000610388817676860
cella#119	170	10	5	5	0.00000610388817676860
cella#120	175	10	5	5	0.00000610388817676860
cella#121	180	10	5	5	0.00000610388817676860
cella#122	185	10	5	5	0.00000610388817676860
cella#123	190	10	5	5	0.00000610388817676860
cella#124	195	10	5	5	0.00000610388817676860
cella#125	200	10	5	5	0.00000610388817676860
cella#126	205	10	5	5	0.00000610388817676860
cella#127	0	15	5	5	0.00000610388817676860
cella#128	5	15	5	5	0.00000610388817676860
cella#129	10	15	5	5	0.00000610388817676860
cella#130	15	15	5	5	0.00000610388817676860
cella#131	20	15	5	5	0.00000610388817676860
cella#132	25	15	5	5	0.00000610388817676860
cella#133	30	15	5	5	0.00000610388817676860
cella#134	35	15	5	5	0.00000610388817676860
cella#135	40	15	5	5	0.00000610388817676860
cella#136	45	15	5	5	0.00000610388817676860
cella#137	50	15	5	5	0.00000610388817676860
cella#138	55	15	5	5	0.00000610388817676860
cella#139	60	15	5	5	0.00000610388817676860
cella#140	65	15	5	5	0.00000610388817676860
cella#141	70	15	5	5	0.00000610388817676860
cella#142	75	15	5	5	0.00000610388817676860
cella#143	80	15	5	5	0.00000610388817676860
cella#144	85	15	5	5	0.00000610388817676860
cella#145	90	15	5	5	0.00000610388817676860
cella#146	95	15	5	5	0.00000610388817676860
cella#147	100	15	5	5	0.00000610388817676860
cella#148	105	15	5	5	0.00000610388817676860
cella#149	110	15	5	5	0.00000610388817676860
cella#150	115	15	5	5	0.00000610388817676860
cella#151	120	15	5	5	0.00000610388817676860
cella#152	125	15	5	5	0.00000610388817676860
cella#153	130	15	5	5	0.00000610388817676860
cella#154	135	15	5	5	0.00000610388817676860
cella#155	140	15	5	5	0.00000610388817676860
cella#156	145	15	5	5	0.00000610388817676860
cella#157	150	15	5	5	0.00000610388817676860
cella#158	155	15	5	5	0.00000610388817676860
cella#159	160	15	5	5	0.00000610388817676860
cella#160	165	15	5	5	0.00000610388817676860
cella#161	170	15	5	5	0.00000610388817676860
cella#162	175	15	5	5	0.00000610388817676860
cella#163	180	15	5	5	0.00000610388817676860
cella#164	185	15	5	5	0.00000610388817676860
cella#165	190	15	5	5	0.00000610388817676860
cella#166	195	15	5	5	0.00000610388817676860
cella#167	200	15	5	5	0.00000610388817676860
cella#168	205	15	5	5	0.00000610388817676860
cella#169	0	20	5	5	0.00000610388817676860
cella#170	5	20	5	5	0.00000610388817676860
cella#171	10	20	5	5	0.00000610388817676860
cella#172	15	20	5	5	0.00000610388817676860
cella#173	20	20	5	5	0.00000610388817676860
cella#174	25	20	5	5	0.00000610388817676860
cella#175	30	20	5	5	0.00000610388817676860
cella#176	35	20	5	5	0.00000610388817676860
cella#177	40	20	5	5	0.00000610388817676860
cella#178	45	20	5	5	0.00000610388817676860
cella#179	50	20	5	5	0.00000610388817676860
cella#180	55	20	5	5	0.00000610388817676860
cella#181	60	20	5	5	0.00000610388817676860
cella#182	65	20	5	5	0.00000610388817676860
cella#183	70	20	5	5	0.00000610388817676860
cella#184	75	20	5	5	0.00000610388817676860
cella#185	80	20	5	5	0.00000610388817676860
cella#186	85	20	5	5	0.00000610388817676860
cella#187	90	20	5	5	0.00000610388817676860
cella#188	95	20	5	5	0.00000610388817676860
cella#189	100	20	5	5	0.00000610388817676860
cella#190	105	20	5	5	0.00000610388817676860
cella#191	110	20	5	5	0.00000610388817676860
cella#192	115	20	5	5	0.00000610388817676860
cella#193	120	20	5	5	0.00000610388817676860
cella#194	125	20	5	5	0.00000610388817676860
cella#195	130	20	5	5	0.00000610388817676860
cella#196	135	20	5	5	0.00000610388817676860
cella#197	140	20	5	5	0.00000610388817676860
cella#198	145	20	5	5	0.00000610388817676860
cella#199	150	20	5	5	0.00000610388817676860
cella#200	155	20	5	5	0.00000610388817676860
cella#201	160	20	5	5	0.00000610388817676860
cella#202	165	20	5	5	0.00000610388817676860
cella#203	170	20	5	5	0.00000610388817676860
cella#204	175	20	5	5	0.00000610388817676860
cella#205	180	20	5	5	0.00000610388817676860
cella#206	185	20	5	5	0.00000610388817676860
cella#207	190	20	5	5	0.00000610388817676860
cella#208	195	20	5	5	0.00000610388817676860
cella#209	200	20	5	5	0.00000610388817676860
cella#210	205	20	5	5	0.00000610388817676860
cella#211	0	25	5	5	0.00000610388817676860
cella#212	5	25	5	5	0.00000610388817676860
cella#213	10	25	5	5	0.00000610388817676860
cella#214	15	25	5	5	0.00000610388817676860
cella#215	20	25	5	5	0.00000610388817676860
cella#216	25	25	5	5	0.00000610388817676860
cella#217	30	25	5	5	0.00000610388817676860
cella#218	35	25	5	5	0.00000610388817676860
cella#219	40	25	5	5	0.00000610388817676860
cella#220	45	25	5	5	0.00000610388817676860
cella#221	50	25	5	5	0.00000610388817676860
cella#222	55	25	5	5	0.00000610388817676860
cella#223	60	25	5	5	0.00000610388817676860
cella#224	65	25	5	5	0.00000610388817676860
cella#225	70	25	5	5	0.00000610388817676860
cella#226	75	25	5	5	0.00000610388817676860
cella#227	80	25	5	5	0.00000610388817676860
cella#228	85	25	5	5	0.00000610388817676860
cella#229	90	25	5	5	0.00000610388817676860
cella#230	95	25	5	5	0.00000610388817676860
cella#231	100	25	5	5	0.00000610388817676860
cella#232	105	25	5	5	0.00000610388817676860
cella#233	110	25	5	5	0.00000610388817676860
cella#234	115	25	5	5	0.00000610388817676860
cella#235	120	25	5	5	0.00000610388817676860
cella#236	125	25	5	5	0.00000610388817676860
cella#237	130	25	5	5	0.00000610388817676860
cella#238	135	25	5	5	0.00000610388817676860
cella#239	140	25	5	5	0.00000610388817676860
cella#240	145	25	5	5	0.00000610388817676860
cella#241	150	25	5	5	0.00000610388817676860
cella#242	155	25	5	5	0.00000610388817676860
cella#243	160	25	5	5	0.00000610388817676860
cella#244	165	25	5	5	0.00000610388817676860
cella#245	170	25	5	5	0.00000610388817676860
cella#246	175	25	5	5	0.00000610388817676860
cella#247	180	25	5	5	0.00000610388817676860
cella#248	185	25	5	5	0.00000610388817676860
cella#249	190	25	5	5	0.00000610388817676860
cella#250	195	25	5	5	0.00000610388817676860
cella#251	200	25	5	5	0.00000610388817676860
cella#252	205	25	5	5	0.00000610388817676860
cella#253	0	30	5	5	0.00000610388817676860
cella#254	5	30	5	5	0.00000610388817676860
cella#255	10	30	5	5	0.00000610388817676860
cella#256	15	30	5	5	0.00000610388817676860
cella#257	20	30	5	5	0.00000610388817676860
cella#258	25	30	5	5	0.00000610388817676860
cella#259	30	30	5	5	0.00000610388817676860
cella#260	35	30	5	5	0.00000610388817676860
cella#261	40	30	5	5	0.00000610388817676860
cella#262	45	30	5	5	0.00000610388817676860
cella#263	50	30	5	5	0.00000610388817676860
cella#264	55	30	5	5	0.00000610388817676860
cella#265	60	30	5	5	0.00000610388817676860
cella#266	65	30	5	5	0.00000610388817676860
cella#267	70	30	5	5	0.00000610388817676860
cella#268	75	30	5	5	0.00000610388817676860
cella#269	80	30	5	5	0.00000610388817676860
cella#270	85	30	5	5	0.00000610388817676860
cella#271	90	30	5	5	0.00000610388817676860
cella#272	95	30	5	5	0.00000610388817676860
cella#273	100	30	5	5	0.00000610388817676860
cella#274	105	30	5	5	0.00000610388817676860
cella#275	110	30	5	5	0.00000610388817676860
cella#276	115	30	5	5	0.00000610388817676860
cella#277	120	30	5	5	0.00000610388817676860
cella#278	125	30	5	5	0.00000610388817676860
cella#279	130	30	5	5	0.00000610388817676860
cella#280	135	30	5	5	0.00000610388817676860
cella#281	140	30	5	5	0.00000610388817676860
cella#282	145	30	5	5	0.00000610388817676860
cella#283	150	30	5	5	0.00000610388817676860
cella#284	155	30	5	5	0.00000610388817676860
cella#285	160	30	5	5	0.00000610388817676860
cella#286	165	30	5	5	0.00000610388817676860
cella#287	170	30	5	5	0.00000610388817676860
cella#288	175	30	5	5	0.00000610388817676860
cella#289	180	30	5	5	0.00000610388817676860
cella#290	185	30	5	5	0.00000610388817676860
cella#291	190	30	5	5	0.00000610388817676860
cella#292	195	30	5	5	0.00000610388817676860
cella#293	200	30	5	5	0.00000610388817676860
cella#294	205	30	5	5	0.00000610388817676860
cella#295	0	35	5	5	0.00000610388817676860
cella#296	5	35	5	5	0.00000610388817676860
cella#297	10	35	5	5	0.00000610388817676860
cella#298	15	35	5	5	0.00000610388817676860
cella#299	20	35	5	5	0.00000610388817676860
cella#300	25	35	5	5	0.00000610388817676860
cella#301	30	35	5	5	0.00000610388817676860
cella#302	35	35	5	5	0.00000610388817676860
cella#303	40	35	5	5	0.00000610388817676860
cella#304	45	35	5	5	0.00000610388817676860
cella#305	50	35	5	5	0.00000610388817676860
cella#306	55	35	5	5	0.00000610388817676860
cella#307	60	35	5	5	0.00000610388817676860
cella#308	65	35	5	5	0.00000610388817676860
cella#309	70	35	5	5	0.00000610388817676860
cella#310	75	35	5	5	0.00000610388817676860
cella#311	80	35	5	5	0.00000610388817676860
cella#312	85	35	5	5	0.00000610388817676860
cella#313	90	35	5	5	0.00000610388817676860
cella#314	95	35	5	5	0.00000610388817676860
cella#315	100	35	5	5	0.00000610388817676860
cella#316	105	35	5	5	0.00000610388817676860
cella#317	110	35	5	5	0.00000610388817676860
cella#318	115	35	5	5	0.00000610388817676860
cella#319	120	35	5	5	0.00000610388817676860
cella#320	125	35	5	5	0.00000610388817676860
cella#321	130	35	5	5	0.00000610388817676860
cella#322	135	35	5	5	0.00000610388817676860
cella#323	140	35	5	5	0.00000610388817676860
cella#324	145	35	5	5	0.00000610388817676860
cella#325	150	35	5	5	0.00003561929523518600
cella#326	155	35	5	5	0.00000610388817676860
cella#327	160	35	5	5	0.00000610388817676860
cella#328	165	35	5	5	0.00003561929523518600
cella#329	170	35	5	5	0.00000610388817676860
cella#330	175	35	5	5	0.00000610388817676860
cella#331	180	35	5	5	0.00000610388817676860
cella#332	185	35	5	5	0.00000610388817676860
cella#333	190	35	5	5	0.00000610388817676860
cella#334	195	35	5	5	0.00000610388817676860
cella#335	200	35	5	5	0.00000610388817676860
cella#336	205	35	5	5	0.00000610388817676860
cella#337	0	40	5	5	0.00000610388817676860
cella#338	5	40	5	5	0.00000610388817676860
cella#339	10	40	5	5	0.00000610388817676860
cella#340	15	40	5	5	0.00000610388817676860
cella#341	20	40	5	5	0.00000610388817676860
cella#342	25	40	5	5	0.00000610388817676860
cella#343	30	40	5	5	0.00000610388817676860
cella#344	35	40	5	5	0.00000610388817676860
cella#345	40	40	5	5	0.00000610388817676860
cella#346	45	40	5	5	0.00000610388817676860
cella#347	50	40	5	5	0.00000610388817676860
cella#348	55	40	5	5	0.00000610388817676860
cella#349	60	40	5	5	0.00000610388817676860
cella#350	65	40	5	5	0.00000610388817676860
cella#351	70	40	5	5	0.00000610388817676860
cella#352	75	40	5	5	0.00000610388817676860
cella#353	80	40	5	5	0.00000610388817676860
cella#354	85	40	5	5	0.00000610388817676860
cella#355	90	40	5	5	0.00000610388817676860
cella#356	95	40	5	5	0.00000610388817676860
cella#357	100	40	5	5	0.00000610388817676860
cella#358	105	40	5	5	0.00000610388817676860
cella#359	110	40	5	5	0.00000610388817676860
cella#360	115	40	5	5	0.00000610388817676860
cella#361	120	40	5	5	0.00000610388817676860
cella#362	125	40	5	5	0.00000610388817676860
cella#363	130	40	5	5	0.00000610388817676860
cella#364	135	40	5	5	0.00000610388817676860
cella#365	140	40	5	5	0.00000610388817676860
cella#366	145	40	5	5	0.00000610388817676860
cella#367	150	40	5	5	0.00000610388817676860
cella#368	155	40	5	5	0.00000610388817676860
cella#369	160	40	5	5	0.00000610388817676860
cella#370	165	40	5	5	0.00000610388817676860
cella#371	170	40	5	5	0.00000610388817676860
cella#372	175	40	5	5	0.00000610388817676860
cella#373	180	40	5	5	0.00000610388817676860
cella#374	185	40	5	5	0.00000610388817676860
cella#375	190	40	5	5	0.00000610388817676860
cella#376	195	40	5	5	0.00000610388817676860
cella#377	200	40	5	5	0.00000610388817676860
cella#378	205	40	5	5	0.00000610388817676860
cella#379	0	45	5	5	0.00000610388817676860
cella#380	5	45	5	5	0.00000610388817676860
cella#381	10	45	5	5	0.00000610388817676860
cella#382	15	45	5	5	0.00000610388817676860
cella#383	20	45	5	5	0.00000610388817676860
cella#384	25	45	5	5	0.00000610388817676860
cella#385	30	45	5	5	0.00000610388817676860
cella#386	35	45	5	5	0.00000610388817676860
cella#387	40	45	5	5	0.00000610388817676860
cella#388	45	45	5	5	0.00000610388817676860
cella#389	50	45	5	5	0.00000610388817676860
cella#390	55	45	5	5	0.00000610388817676860
cella#391	60	45	5	5	0.00000610388817676860
cella#392	65	45	5	5	0.00000610388817676860
cella#393	70	45	5	5	0.00000610388817676860
cella#394	75	45	5	5	0.00000610388817676860
cella#395	80	45	5	5	0.00000610388817676860
cella#396	85	45	5	5	0.00000610388817676860
cella#397	90	45	5	5	0.00000610388817676860
cella#398	95	45	5	5	0.00000610388817676860
cella#399	100	45	5	5	0.00000610388817676860
cella#400	105	45	5	5	0.00000610388817676860
cella#401	110	45	5	5	0.00000610388817676860
cella#402	115	45	5	5	0.00000610388817676860
cella#403	120	45	5	5	0.00000610388817676860
cella#404	125	45	5	5	0.00000610388817676860
cella#405	130	45	5	5	0.00000610388817676860
cella#406	135	45	5	5	0.00000610388817676860
cella#407	140	45	5	5	0.00000610388817676860
cella#408	145	45	5	5	0.00000610388817676860
cella#409	150	45	5	5	0.00000610388817676860
cella#410	155	45	5	5	0.00000610388817676860
cella#411	160	45	5	5	0.00000610388817676860
cella#412	165	45	5	5	0.00000610388817676860
cella#413	170	45	5	5	0.00000610388817676860
cella#414	175	45	5	5	0.00000610388817676860
cella#415	180	45	5	5	0.00000610388817676860
cella#416	185	45	5	5	0.00000610388817676860
cella#417	190	45	5	5	0.00000610388817676860
cella#418	195	45	5	5	0.00000610388817676860
cella#419	200	45	5	5	0.00000610388817676860
cella#420	205	45	5	5	0.00000610388817676860
cella#421	0	50	5	5	0.00000610388817676860
cella#422	5	50	5	5	0.00000610388817676860
cella#423	10	50	5	5	0.00000610388817676860
cella#424	15	50	5	5	0.00000610388817676860
cella#425	20	50	5	5	0.00000610388817676860
cella#426	25	50	5	5	0.00000610388817676860
cella#427	30	50	5	5	0.00000610388817676860
cella#428	35	50	5	5	0.00000610388817676860
cella#429	40	50	5	5	0.00000610388817676860
cella#430	45	50	5	5	0.00000610388817676860
cella#431	50	50	5	5	0.00000610388817676860
cella#432	55	50	5	5	0.00000610388817676860
cella#433	60	50	5	5	0.00000610388817676860
cella#434	65	50	5	5	0.00000610388817676860
cella#435	70	50	5	5	0.00000610388817676860
cella#436	75	50	5	5	0.00000610388817676860
cella#437	80	50	5	5	0.00000610388817676860
cella#438	85	50	5	5	0.00000610388817676860
cella#439	90	50	5	5	0.00000610388817676860
cella#440	95	50	5	5	0.00000610388817676860
cella#441	100	50	5	5	0.00000610388817676860
cella#442	105	50	5	5	0.00000610388817676860
cella#443	110	50	5	5	0.00000610388817676860
cella#444	115	50	5	5	0.00000610388817676860
cella#445	120	50	5	5	0.00000610388817676860
cella#446	125	50	5	5	0.00000610388817676860
cella#447	130	50	5	5	0.00000610388817676860
cella#448	135	50	5	5	0.00000610388817676860
cella#449	140	50	5	5	0.00000610388817676860
cella#450	145	50	5	5	0.00000610388817676860
cella#451	150	50	5	5	0.00000610388817676860
cella#452	155	50	5	5	0.00000610388817676860
cella#453	160	50	5	5	0.00000610388817676860
cella#454	165	50	5	5	0.00000610388817676860
cella#455	170	50	5	5	0.00000610388817676860
cella#456	175	50	5	5	0.00000610388817676860
cella#457	180	50	5	5	0.00000610388817676860
cella#458	185	50	5	5	0.00000610388817676860
cella#459	190	50	5	5	0.00000610388817676860
cella#460	195	50	5	5	0.00000610388817676860
cella#461	200	50	5	5	0.00000610388817676860
cella#462	205	50	5	5	0.00000610388817676860
cella#463	0	55	5	5	0.00000610388817676860
cella#464	5	55	5	5	0.00000610388817676860
cella#465	10	55	5	5	0.00000610388817676860
cella#466	15	55	5	5	0.00000610388817676860
cella#467	20	55	5	5	0.00000610388817676860
cella#468	25	55	5	5	0.00000610388817676860
cella#469	30	55	5	5	0.00000610388817676860
cella#470	35	55	5	5	0.00000610388817676860
cella#471	40	55	5	5	0.00000610388817676860
cella#472	45	55	5	5	0.00000610388817676860
cella#473	50	55	5	5	0.00000610388817676860
cella#474	55	55	5	5	0.00000610388817676860
cella#475	60	55	5	5	0.00000610388817676860
cella#476	65	55	5	5	0.00000610388817676860
cella#477	70	55	5	5	0.00000610388817676860
cella#478	75	55	5	5	0.00000610388817676860
cella#479	80	55	5	5	0.00000610388817676860
cella#480	85	55	5	5	0.00000610388817676860
cella#481	90	55	5	5	0.00000610388817676860
cella#482	95	55	5	5	0.00000610388817676860
cella#483	100	55	5	5	0.00003561929523518600
cella#484	105	55	5	5	0.00000610388817676860
cella#485	110	55	5	5	0.00000610388817676860
cella#486	115	55	5	5	0.00003561929523518600
cella#487	120	55	5	5	0.00009665817700287200
cella#488	125	55	5	5	0.00009665817700287200
cella#489	130	55	5	5	0.00000610388817676860
cella#490	135	55	5	5	0.00000610388817676860
cella#491	140	55	5	5	0.00000610388817676860
cella#492	145	55	5	5	0.00000610388817676860
cella#493	150	55	5	5	0.00000610388817676860
cella#494	155	55	5	5	0.00000610388817676860
cella#495	160	55	5	5	0.00000610388817676860
cella#496	165	55	5	5	0.00000610388817676860
cella#497	170	55	5	5	0.00000610388817676860
cella#498	175	55	5	5	0.00000610388817676860
cella#499	180	55	5	5	0.00000610388817676860
cella#500	185	55	5	5	0.00000610388817676860
cella#501	190	55	5	5	0.00000610388817676860
cella#502	195	55	5	5	0.00000610388817676860
cella#503	200	55	5	5	0.00000610388817676860
cella#504	205	55	5	5	0.00000610388817676860
cella#505	0	60	5	5	0.00000610388817676860
cella#506	5	60	5	5	0.00000610388817676860
cella#507	10	60	5	5	0.00000610388817676860
cella#508	15	60	5	5	0.00000610388817676860
cella#509	20	60	5	5	0.00000610388817676860
cella#510	25	60	5	5	0.00000610388817676860
cella#511	30	60	5	5	0.00000610388817676860
cella#512	35	60	5	5	0.00000610388817676860
cella#513	40	60	5	5	0.00000610388817676860
cella#514	45	60	5	5	0.00000610388817676860
cella#515	50	60	5	5	0.00000610388817676860
cella#516	55	60	5	5	0.00000610388817676860
cella#517	60	60	5	5	0.00000610388817676860
cella#518	65	60	5	5	0.00000610388817676860
cella#519	70	60	5	5	0.00000610388817676860
cella#520	75	60	5	5	0.00000610388817676860
cella#521	80	60	5	5	0.00000610388817676860
cella#522	85	60	5	5	0.00000610388817676860
cella#523	90	60	5	5	0.00000610388817676860
cella#524	95	60	5	5	0.00000610388817676860
cella#525	100	60	5	5	0.00000610388817676860
cella#526	105	60	5	5	0.00000610388817676860
cella#527	110	60	5	5	0.00000610388817676860
cella#528	115	60	5	5	0.00000610388817676860
cella#529	120	60	5	5	0.00000610388817676860
cella#530	125	60	5	5	0.00000610388817676860
cella#531	130	60	5	5	0.00000610388817676860
cella#532	135	60	5	5	0.00000610388817676860
cella#533	140	60	5	5	0.00000610388817676860
cella#534	145	60	5	5	0.00000610388817676860
cella#535	150	60	5	5	0.00000610388817676860
cella#536	155	60	5	5	0.00000610388817676860
cella#537	160	60	5	5	0.00000610388817676860
cella#538	165	60	5	5	0.00000610388817676860
cella#539	170	60	5	5	0.00000610388817676860
cella#540	175	60	5	5	0.00003561929523518600
cella#541	180	60	5	5	0.00000610388817676860
cella#542	185	60	5	5	0.00000610388817676860
cella#543	190	60	5	5	0.00000610388817676860
cella#544	195	60	5	5	0.00000610388817676860
cella#545	200	60	5	5	0.00000610388817676860
cella#546	205	60	5	5	0.00000610388817676860
cella#547	0	65	5	5	0.00000610388817676860
cella#548	5	65	5	5	0.00000610388817676860
cella#549	10	65	5	5	0.00000610388817676860
cella#550	15	65	5	5	0.00000610388817676860
cella#551	20	65	5	5	0.00000610388817676860
cella#552	25	65	5	5	0.00000610388817676860
cella#553	30	65	5	5	0.00000610388817676860
cella#554	35	65	5	5	0.00000610388817676860
cella#555	40	65	5	5	0.00000610388817676860
cella#556	45	65	5	5	0.00000610388817676860
cella#557	50	65	5	5	0.00000610388817676860
cella#558	55	65	5	5	0.00000610388817676860
cella#559	60	65	5	5	0.00000610388817676860
cella#560	65	65	5	5	0.00000610388817676860
cella#561	70	65	5	5	0.00000610388817676860
cella#562	75	65	5	5	0.00000610388817676860
cella#563	80	65	5	5	0.00000610388817676860
cella#564	85	65	5	5	0.00000610388817676860
cella#565	90	65	5	5	0.00000610388817676860
cella#566	95	65	5	5	0.00000610388817676860
cella#567	100	65	5	5	0.00000610388817676860
cella#568	105	65	5	5	0.00000610388817676860
cella#569	110	65	5	5	0.00000610388817676860
cella#570	115	65	5	5	0.00000610388817676860
cella#571	120	65	5	5	0.00000610388817676860
cella#572	125	65	5	5	0.00000610388817676860
cella#573	130	65	5	5	0.00000610388817676860
cella#574	135	65	5	5	0.00000610388817676860
cella#575	140	65	5	5	0.00000610388817676860
cella#576	145	65	5	5	0.00000610388817676860
cella#577	150	65	5	5	0.00000610388817676860
cella#578	155	65	5	5	0.00000610388817676860
cella#579	160	65	5	5	0.00000610388817676860
cella#580	165	65	5	5	0.00000610388817676860
cella#581	170	65	5	5	0.00000610388817676860
cella#582	175	65	5	5	0.00000610388817676860
cella#583	180	65	5	5	0.00000610388817676860
cella#584	185	65	5	5	0.00000610388817676860
cella#585	190	65	5	5	0.00000610388817676860
cella#586	195	65	5	5	0.00000610388817676860
cella#587	200	65	5	5	0.00000610388817676860
cella#588	205	65	5	5	0.00000610388817676860
cella#589	0	70	5	5	0.00000610388817676860
cella#590	5	70	5	5	0.00000610388817676860
cella#591	10	70	5	5	0.00000610388817676860
cella#592	15	70	5	5	0.00000610388817676860
cella#593	20	70	5	5	0.00000610388817676860
cella#594	25	70	5	5	0.00000610388817676860
cella#595	30	70	5	5	0.00000610388817676860
cella#596	35	70	5	5	0.00000610388817676860
cella#597	40	70	5	5	0.00000610388817676860
cella#598	45	70	5	5	0.00000610388817676860
cella#599	50	70	5	5	0.00000610388817676860
cella#600	55	70	5	5	0.00000610388817676860
cella#601	60	70	5	5	0.00000610388817676860
cella#602	65	70	5	5	0.00000610388817676860
cella#603	70	70	5	5	0.00000610388817676860
cella#604	75	70	5	5	0.00000610388817676860
cella#605	80	70	5	5	0.00000610388817676860
cella#606	85	70	5	5	0.00000610388817676860
cella#607	90	70	5	5	0.00000610388817676860
cella#608	95	70	5	5	0.00000610388817676860
cella#609	100	70	5	5	0.00000610388817676860
cella#610	105	70	5	5	0.00000610388817676860
cella#611	110	70	5	5	0.00003561929523518600
cella#612	115	70	5	5	0.00003561929523518600
cella#613	120	70	5	5	0.00000610388817676860
cella#614	125	70	5	5	0.00000610388817676860
cella#615	130	70	5	5	0.00021873594053824400
cella#616	135	70	5	5	0.00003561929523518600
cella#617	140	70	5	5	0.00000610388817676860
cella#618	145	70	5	5	0.00000610388817676860
cella#619	150	70	5	5	0.00009665817700287200
cella#620	155	70	5	5	0.00000610388817676860
cella#621	160	70	5	5	0.00003561929523518600
cella#622	165	70	5	5	0.00000610388817676860
cella#623	170	70	5	5	0.00000610388817676860
cella#624	175	70	5	5	0.00003561929523518600
cella#625	180	70	5	5	0.00000610388817676860
cella#626	185	70	5	5	0.00000610388817676860
cella#627	190	70	5	5	0.00000610388817676860
cella#628	195	70	5	5	0.00000610388817676860
cella#629	200	70	5	5	0.00000610388817676860
cella#630	205	70	5	5	0.00000610388817676860
cella#631	0	75	5	5	0.00000610388817676860
cella#632	5	75	5	5	0.00000610388817676860
cella#633	10	75	5	5	0.00000610388817676860
cella#634	15	75	5	5	0.00000610388817676860
cella#635	20	75	5	5	0.00000610388817676860
cella#636	25	75	5	5	0.00000610388817676860
cella#637	30	75	5	5	0.00000610388817676860
cella#638	35	75	5	5	0.00000610388817676860
cella#639	40	75	5	5	0.00000610388817676860
cella#640	45	75	5	5	0.00000610388817676860
cella#641	50	75	5	5	0.00000610388817676860
cella#642	55	75	5	5	0.00000610388817676860
cella#643	60	75	5	5	0.00000610388817676860
cella#644	65	75	5	5	0.00000610388817676860
cella#645	70	75	5	5	0.00000610388817676860
cella#646	75	75	5	5	0.00000610388817676860
cella#647	80	75	5	5	0.00000610388817676860
cella#648	85	75	5	5	0.00000610388817676860
cella#649	90	75	5	5	0.00000610388817676860
cella#650	95	75	5	5	0.00000610388817676860
cella#651	100	75	5	5	0.00000610388817676860
cella#652	105	75	5	5	0.00000610388817676860
cella#653	110	75	5	5	0.00000610388817676860
cella#654	115	75	5	5	0.00000610388817676860
cella#655	120	75	5	5	0.00000610388817676860
cella#656	125	75	5	5	0.00000610388817676860
cella#657	130	75	5	5	0.00000610388817676860
cella#658	135	75	5	5	0.00000610388817676860
cella#659	140	75	5	5	0.00000610388817676860
cella#660	145	75	5	5	0.00000610388817676860
cella#661	150	75	5	5	0.00000610388817676860
cella#662	155	75	5	5	0.00000610388817676860
cella#663	160	75	5	5	0.00000610388817676860
cella#664	165	75	5	5	0.00000610388817676860
cella#665	170	75	5	5	0.00000610388817676860
cella#666	175	75	5	5	0.00000610388817676860
cella#667	180	75	5	5	0.00000610388817676860
cella#668	185	75	5	5	0.00000610388817676860
cella#669	190	75	5	5	0.00000610388817676860
cella#670	195	75	5	5	0.00000610388817676860
cella#671	200	75	5	5	0.00000610388817676860
cella#672	205	75	5	5	0.00000610388817676860
cella#673	0	80	5	5	0.00000610388817676860
cella#674	5	80	5	5	0.00000610388817676860
cella#675	10	80	5	5	0.00000610388817676860
cella#676	15	80	5	5	0.00000610388817676860
cella#677	20	80	5	5	0.00000610388817676860
cella#678	25	80	5	5	0.00000610388817676860
cella#679	30	80	5	5	0.00000610388817676860
cella#680	35	80	5	5	0.00000610388817676860
cella#681	40	80	5	5	0.00000610388817676860
cella#682	45	80	5	5	0.00000610388817676860
cella#683	50	80	5	5	0.00000610388817676860
cella#684	55	80	5	5	0.00000610388817676860
cella#685	60	80	5	5	0.00000610388817676860
cella#686	65	80	5	5	0.00000610388817676860
cella#687	70	80	5	5	0.00000610388817676860
cella#688	75	80	5	5	0.00000610388817676860
cella#689	80	80	5	5	0.00000610388817676860
cella#690	85	80	5	5	0.00000610388817676860
cella#691	90	80	5	5	0.00000610388817676860
cella#692	95	80	5	5	0.00000610388817676860
cella#693	100	80	5	5	0.00000610388817676860
cella#694	105	80	5	5	0.00015769705877055800
cella#695	110	80	5	5	0.00000610388817676860
cella#696	115	80	5	5	0.00000610388817676860
cella#697	120	80	5	5	0.00000610388817676860
cella#698	125	80	5	5	0.00000610388817676860
cella#699	130	80	5	5	0.00009665817700287200
cella#700	135	80	5	5	0.00003561929523518600
cella#701	140	80	5	5	0.00000610388817676860
cella#702	145	80	5	5	0.00000610388817676860
cella#703	150	80	5	5	0.00000610388817676860
cella#704	155	80	5	5	0.00000610388817676860
cella#705	160	80	5	5	0.00000610388817676860
cella#706	165	80	5	5	0.00000610388817676860
cella#707	170	80	5	5	0.00000610388817676860
cella#708	175	80	5	5	0.00000610388817676860
cella#709	180	80	5	5	0.00003561929523518600
cella#710	185	80	5	5	0.00000610388817676860
cella#711	190	80	5	5	0.00000610388817676860
cella#712	195	80	5	5	0.00000610388817676860
cella#713	200	80	5	5	0.00000610388817676860
cella#714	205	80	5	5	0.00000610388817676860
cella#715	0	85	5	5	0.00000610388817676860
cella#716	5	85	5	5	0.00000610388817676860
cella#717	10	85	5	5	0.00000610388817676860
cella#718	15	85	5	5	0.00000610388817676860
cella#719	20	85	5	5	0.00000610388817676860
cella#720	25	85	5	5	0.00000610388817676860
cella#721	30	85	5	5	0.00000610388817676860
cella#722	35	85	5	5	0.00000610388817676860
cella#723	40	85	5	5	0.00000610388817676860
cella#724	45	85	5	5	0.00000610388817676860
cella#725	50	85	5	5	0.00000610388817676860
cella#726	55	85	5	5	0.00000610388817676860
cella#727	60	85	5	5	0.00000610388817676860
cella#728	65	85	5	5	0.00003561929523518600
cella#729	70	85	5	5	0.00000610388817676860
cella#730	75	85	5	5	0.00000610388817676860
cella#731	80	85	5	5	0.00000610388817676860
cella#732	85	85	5	5	0.00000610388817676860
cella#733	90	85	5	5	0.00000610388817676860
cella#734	95	85	5	5	0.00000610388817676860
cella#735	100	85	5	5	0.00000610388817676860
cella#736	105	85	5	5	0.00040185258584130200
cella#737	110	85	5	5	0.00000610388817676860
cella#738	115	85	5	5	0.00000610388817676860
cella#739	120	85	5	5	0.00000610388817676860
cella#740	125	85	5	5	0.00000610388817676860
cella#741	130	85	5	5	0.00000610388817676860
cella#742	135	85	5	5	0.00009665817700287200
cella#743	140	85	5	5	0.00000610388817676860
cella#744	145	85	5	5	0.00009665817700287200
cella#745	150	85	5	5	0.00003561929523518600
cella#746	155	85	5	5	0.00009665817700287200
cella#747	160	85	5	5	0.00000610388817676860
cella#748	165	85	5	5	0.00000610388817676860
cella#749	170	85	5	5	0.00000610388817676860
cella#750	175	85	5	5	0.00000610388817676860
cella#751	180	85	5	5	0.00000610388817676860
cella#752	185	85	5	5	0.00000610388817676860
cella#753	190	85	5	5	0.00015769705877055800
cella#754	195	85	5	5	0.00000610388817676860
cella#755	200	85	5	5	0.00003561929523518600
cella#756	205	85	5	5	0.00000610388817676860
cella#757	0	90	5	5	0.00000610388817676860
cella#758	5	90	5	5	0.00000610388817676860
cella#759	10	90	5	5	0.00000610388817676860
cella#760	15	90	5	5	0.00000610388817676860
cella#761	20	90	5	5	0.00000610388817676860
cella#762	25	90	5	5	0.00000610388817676860
cella#763	30	90	5	5	0.00000610388817676860
cella#764	35	90	5	5	0.00000610388817676860
cella#765	40	90	5	5	0.00000610388817676860
cella#766	45	90	5	5	0.00000610388817676860
cella#767	50	90	5	5	0.00000610388817676860
cella#768	55	90	5	5	0.00000610388817676860
cella#769	60	90	5	5	0.00000610388817676860
cella#770	65	90	5	5	0.00000610388817676860
cella#771	70	90	5	5	0.00000610388817676860
cella#772	75	90	5	5	0.00000610388817676860
cella#773	80	90	5	5	0.00000610388817676860
cella#774	85	90	5	5	0.00000610388817676860
cella#775	90	90	5	5	0.00000610388817676860
cella#776	95	90	5	5	0.00000610388817676860
cella#777	100	90	5	5	0.00000610388817676860
cella#778	105	90	5	5	0.00000610388817676860
cella#779	110	90	5	5	0.00000610388817676860
cella#780	115	90	5	5	0.00000610388817676860
cella#781	120	90	5	5	0.00000610388817676860
cella#782	125	90	5	5	0.00000610388817676860
cella#783	130	90	5	5	0.00000610388817676860
cella#784	135	90	5	5	0.00000610388817676860
cella#785	140	90	5	5	0.00000610388817676860
cella#786	145	90	5	5	0.00000610388817676860
cella#787	150	90	5	5	0.00003561929523518600
cella#788	155	90	5	5	0.00000610388817676860
cella#789	160	90	5	5	0.00000610388817676860
cella#790	165	90	5	5	0.00000610388817676860
cella#791	170	90	5	5	0.00003561929523518600
cella#792	175	90	5	5	0.00003561929523518600
cella#793	180	90	5	5	0.00000610388817676860
cella#794	185	90	5	5	0.00000610388817676860
cella#795	190	90	5	5	0.00003561929523518600
cella#796	195	90	5	5	0.00000610388817676860
cella#797	200	90	5	5	0.00000610388817676860
cella#798	205	90	5	5	0.00000610388817676860
cella#799	0	95	5	5	0.00000610388817676860
cella#800	5	95	5	5	0.00000610388817676860
cella#801	10	95	5	5	0.00000610388817676860
cella#802	15	95	5	5	0.00000610388817676860
cella#803	20	95	5	5	0.00000610388817676860
cella#804	25	95	5	5	0.00000610388817676860
cella#805	30	95	5	5	0.00000610388817676860
cella#806	35	95	5	5	0.00000610388817676860
cella#807	40	95	5	5	0.00000610388817676860
cella#808	45	95	5	5	0.00000610388817676860
cella#809	50	95	5	5	0.00000610388817676860
cella#810	55	95	5	5	0.00000610388817676860
cella#811	60	95	5	5	0.00000610388817676860
cella#812	65	95	5	5	0.00000610388817676860
cella#813	70	95	5	5	0.00000610388817676860
cella#814	75	95	5	5	0.00000610388817676860
cella#815	80	95	5	5	0.00000610388817676860
cella#816	85	95	5	5	0.00000610388817676860
cella#817	90	95	5	5	0.00000610388817676860
cella#818	95	95	5	5	0.00000610388817676860
cella#819	100	95	5	5	0.00009665817700287200
cella#820	105	95	5	5	0.00015769705877055800
cella#821	110	95	5	5	0.00003561929523518600
cella#822	115	95	5	5	0.00003561929523518600
cella#823	120	95	5	5	0.00000610388817676860
cella#824	125	95	5	5	0.00015769705877055800
cella#825	130	95	5	5	0.00000610388817676860
cella#826	135	95	5	5	0.00034081370407361600
cella#827	140	95	5	5	0.00000610388817676860
cella#828	145	95	5	5	0.00000610388817676860
cella#829	150	95	5	5	0.00003561929523518600
cella#830	155	95	5	5	0.00009665817700287200
cella#831	160	95	5	5	0.00003561929523518600
cella#832	165	95	5	5	0.00046289146760898800
cella#833	170	95	5	5	0.00009665817700287200
cella#834	175	95	5	5	0.00003561929523518600
cella#835	180	95	5	5	0.00000610388817676860
cella#836	185	95	5	5	0.00000610388817676860
cella#837	190	95	5	5	0.00000610388817676860
cella#838	195	95	5	5	0.00000610388817676860
cella#839	200	95	5	5	0.00000610388817676860
cella#840	205	95	5	5	0.00000610388817676860
cella#841	0	100	5	5	0.00000610388817676860
cella#842	5	100	5	5	0.00000610388817676860
cella#843	10	100	5	5	0.00000610388817676860
cella#844	15	100	5	5	0.00000610388817676860
cella#845	20	100	5	5	0.00000610388817676860
cella#846	25	100	5	5	0.00000610388817676860
cella#847	30	100	5	5	0.00000610388817676860
cella#848	35	100	5	5	0.00000610388817676860
cella#849	40	100	5	5	0.00000610388817676860
cella#850	45	100	5	5	0.00000610388817676860
cella#851	50	100	5	5	0.00000610388817676860
cella#852	55	100	5	5	0.00000610388817676860
cella#853	60	100	5	5	0.00000610388817676860
cella#854	65	100	5	5	0.00000610388817676860
cella#855	70	100	5	5	0.00003561929523518600
cella#856	75	100	5	5	0.00000610388817676860
cella#857	80	100	5	5	0.00003561929523518600
cella#858	85	100	5	5	0.00000610388817676860
cella#859	90	100	5	5	0.00000610388817676860
cella#860	95	100	5	5	0.00000610388817676860
cella#861	100	100	5	5	0.00009665817700287200
cella#862	105	100	5	5	0.00027977482230593000
cella#863	110	100	5	5	0.00000610388817676860
cella#864	115	100	5	5	0.00003561929523518600
cella#865	120	100	5	5	0.00009665817700287200
cella#866	125	100	5	5	0.00000610388817676860
cella#867	130	100	5	5	0.00021873594053824400
cella#868	135	100	5	5	0.00000610388817676860
cella#869	140	100	5	5	0.00000610388817676860
cella#870	145	100	5	5	0.00034081370407361600
cella#871	150	100	5	5	0.00000610388817676860
cella#872	155	100	5	5	0.00003561929523518600
cella#873	160	100	5	5	0.00000610388817676860
cella#874	165	100	5	5	0.00000610388817676860
cella#875	170	100	5	5	0.00027977482230593000
cella#876	175	100	5	5	0.00003561929523518600
cella#877	180	100	5	5	0.00000610388817676860
cella#878	185	100	5	5	0.00000610388817676860
cella#879	190	100	5	5	0.00000610388817676860
cella#880	195	100	5	5	0.00000610388817676860
cella#881	200	100	5	5	0.00000610388817676860
cella#882	205	100	5	5	0.00000610388817676860
cella#883	0	105	5	5	0.00000610388817676860
cella#884	5	105	5	5	0.00000610388817676860
cella#885	10	105	5	5	0.00000610388817676860
cella#886	15	105	5	5	0.00000610388817676860
cella#887	20	105	5	5	0.00000610388817676860
cella#888	25	105	5	5	0.00000610388817676860
cella#889	30	105	5	5	0.00000610388817676860
cella#890	35	105	5	5	0.00000610388817676860
cella#891	40	105	5	5	0.00000610388817676860
cella#892	45	105	5	5	0.00000610388817676860
cella#893	50	105	5	5	0.00000610388817676860
cella#894	55	105	5	5	0.00000610388817676860
cella#895	60	105	5	5	0.00000610388817676860
cella#896	65	105	5	5	0.00000610388817676860
cella#897	70	105	5	5	0.00000610388817676860
cella#898	75	105	5	5	0.00000610388817676860
cella#899	80	105	5	5	0.00000610388817676860
cella#900	85	105	5	5	0.00000610388817676860
cella#901	90	105	5	5	0.00000610388817676860
cella#902	95	105	5	5	0.00000610388817676860
cella#903	100	105	5	5	0.00003561929523518600
cella#904	105	105	5	5	0.00000610388817676860
cella#905	110	105	5	5	0.00009665817700287200
cella#906	115	105	5	5	0.00000610388817676860
cella#907	120	105	5	5	0.00009665817700287200
cella#908	125	105	5	5	0.00000610388817676860
cella#909	130	105	5	5	0.00009665817700287200
cella#910	135	105	5	5	0.00003561929523518600
cella#911	140	105	5	5	0.00003561929523518600
cella#912	145	105	5	5	0.00003561929523518600
cella#913	150	105	5	5	0.00113431916705353000
cella#914	155	105	5	5	0.00009665817700287200
cella#915	160	105	5	5	0.00009665817700287200
cella#916	165	105	5	5	0.00082912475821510400
cella#917	170	105	5	5	0.00082912475821510400
cella#918	175	105	5	5	0.00015769705877055800
cella#919	180	105	5	5	0.00000610388817676860
cella#920	185	105	5	5	0.00000610388817676860
cella#921	190	105	5	5	0.00000610388817676860
cella#922	195	105	5	5	0.00000610388817676860
cella#923	200	105	5	5	0.00000610388817676860
cella#924	205	105	5	5	0.00000610388817676860
cella#925	0	110	5	5	0.00000610388817676860
cella#926	5	110	5	5	0.00000610388817676860
cella#927	10	110	5	5	0.00000610388817676860
cella#928	15	110	5	5	0.00000610388817676860
cella#929	20	110	5	5	0.00000610388817676860
cella#930	25	110	5	5	0.00000610388817676860
cella#931	30	110	5	5	0.00000610388817676860
cella#932	35	110	5	5	0.00000610388817676860
cella#933	40	110	5	5	0.00000610388817676860
cella#934	45	110	5	5	0.00000610388817676860
cella#935	50	110	5	5	0.00000610388817676860
cella#936	55	110	5	5	0.00009665817700287200
cella#937	60	110	5	5	0.00000610388817676860
cella#938	65	110	5	5	0.00000610388817676860
cella#939	70	110	5	5	0.00000610388817676860
cella#940	75	110	5	5	0.00003561929523518600
cella#941	80	110	5	5	0.00000610388817676860
cella#942	85	110	5	5	0.00000610388817676860
cella#943	90	110	5	5	0.00003561929523518600
cella#944	95	110	5	5	0.00000610388817676860
cella#945	100	110	5	5	0.00070704699467973200
cella#946	105	110	5	5	0.00027977482230593000
cella#947	110	110	5	5	0.00009665817700287200
cella#948	115	110	5	5	0.00491872983665007000
cella#949	120	110	5	5	0.00101224140351816000
cella#950	125	110	5	5	0.00009665817700287200
cella#951	130	110	5	5	0.00034081370407361600
cella#952	135	110	5	5	0.00040185258584130200
cella#953	140	110	5	5	0.00000610388817676860
cella#954	145	110	5	5	0.00058496923114436000
cella#955	150	110	5	5	0.00040185258584130200
cella#956	155	110	5	5	0.00021873594053824400
cella#957	160	110	5	5	0.00000610388817676860
cella#958	165	110	5	5	0.00027977482230593000
cella#959	170	110	5	5	0.00204990239356882000
cella#960	175	110	5	5	0.00009665817700287200
cella#961	180	110	5	5	0.00000610388817676860
cella#962	185	110	5	5	0.00000610388817676860
cella#963	190	110	5	5	0.00000610388817676860
cella#964	195	110	5	5	0.00000610388817676860
cella#965	200	110	5	5	0.00000610388817676860
cella#966	205	110	5	5	0.00000610388817676860
cella#967	0	115	5	5	0.00000610388817676860
cella#968	5	115	5	5	0.00000610388817676860
cella#969	10	115	5	5	0.00000610388817676860
cella#970	15	115	5	5	0.00000610388817676860
cella#971	20	115	5	5	0.00000610388817676860
cella#972	25	115	5	5	0.00000610388817676860
cella#973	30	115	5	5	0.00000610388817676860
cella#974	35	115	5	5	0.00000610388817676860
cella#975	40	115	5	5	0.00000610388817676860
cella#976	45	115	5	5	0.00000610388817676860
cella#977	50	115	5	5	0.00000610388817676860
cella#978	55	115	5	5	0.00003561929523518600
cella#979	60	115	5	5	0.00003561929523518600
cella#980	65	115	5	5	0.00003561929523518600
cella#981	70	115	5	5	0.00000610388817676860
cella#982	75	115	5	5	0.00000610388817676860
cella#983	80	115	5	5	0.00000610388817676860
cella#984	85	115	5	5	0.00000610388817676860
cella#985	90	115	5	5	0.00003561929523518600
cella#986	95	115	5	5	0.00015769705877055800
cella#987	100	115	5	5	0.00003561929523518600
cella#988	105	115	5	5	0.00046289146760898800
cella#989	110	115	5	5	0.00015769705877055800
cella#990	115	115	5	5	0.00571223529962999000
cella#991	120	115	5	5	0.00272133009301337000
cella#992	125	115	5	5	0.00046289146760898800
cella#993	130	115	5	5	0.00040185258584130200
cella#994	135	115	5	5	0.00070704699467973200
cella#995	140	115	5	5	0.00034081370407361600
cella#996	145	115	5	5	0.00076808587644741800
cella#997	150	115	5	5	0.00021873594053824400
cella#998	155	115	5	5	0.00027977482230593000
cella#999	160	115	5	5	0.00082912475821510400
cella#1000	165	115	5	5	0.00046289146760898800
cella#1001	170	115	5	5	0.00009665817700287200
cella#1002	175	115	5	5	0.00000610388817676860
cella#1003	180	115	5	5	0.00000610388817676860
cella#1004	185	115	5	5	0.00000610388817676860
cella#1005	190	115	5	5	0.00000610388817676860
cella#1006	195	115	5	5	0.00000610388817676860
cella#1007	200	115	5	5	0.00000610388817676860
cella#1008	205	115	5	5	0.00000610388817676860
cella#1009	0	120	5	5	0.00000610388817676860
cella#1010	5	120	5	5	0.00000610388817676860
cella#1011	10	120	5	5	0.00000610388817676860
cella#1012	15	120	5	5	0.00000610388817676860
cella#1013	20	120	5	5	0.00000610388817676860
cella#1014	25	120	5	5	0.00000610388817676860
cella#1015	30	120	5	5	0.00000610388817676860
cella#1016	35	120	5	5	0.00000610388817676860
cella#1017	40	120	5	5	0.00000610388817676860
cella#1018	45	120	5	5	0.00000610388817676860
cella#1019	50	120	5	5	0.00000610388817676860
cella#1020	55	120	5	5	0.00000610388817676860
cella#1021	60	120	5	5	0.00003561929523518600
cella#1022	65	120	5	5	0.00000610388817676860
cella#1023	70	120	5	5	0.00000610388817676860
cella#1024	75	120	5	5	0.00003561929523518600
cella#1025	80	120	5	5	0.00003561929523518600
cella#1026	85	120	5	5	0.00003561929523518600
cella#1027	90	120	5	5	0.00009665817700287200
cella#1028	95	120	5	5	0.00235509680240725000
cella#1029	100	120	5	5	0.00143951357589196000
cella#1030	105	120	5	5	0.00015769705877055800
cella#1031	110	120	5	5	0.00027977482230593000
cella#1032	115	120	5	5	0.00308756338361949000
cella#1033	120	120	5	5	0.00296548562008411000
cella#1034	125	120	5	5	0.00082912475821510400
cella#1035	130	120	5	5	0.00003561929523518600
cella#1036	135	120	5	5	0.00000610388817676860
cella#1037	140	120	5	5	0.00101224140351816000
cella#1038	145	120	5	5	0.00125639693058891000
cella#1039	150	120	5	5	0.00027977482230593000
cella#1040	155	120	5	5	0.00040185258584130200
cella#1041	160	120	5	5	0.00052393034937667400
cella#1042	165	120	5	5	0.00015769705877055800
cella#1043	170	120	5	5	0.00000610388817676860
cella#1044	175	120	5	5	0.00021873594053824400
cella#1045	180	120	5	5	0.00021873594053824400
cella#1046	185	120	5	5	0.00003561929523518600
cella#1047	190	120	5	5	0.00000610388817676860
cella#1048	195	120	5	5	0.00000610388817676860
cella#1049	200	120	5	5	0.00000610388817676860
cella#1050	205	120	5	5	0.00000610388817676860
cella#1051	0	125	5	5	0.00000610388817676860
cella#1052	5	125	5	5	0.00003561929523518600
cella#1053	10	125	5	5	0.00000610388817676860
cella#1054	15	125	5	5	0.00000610388817676860
cella#1055	20	125	5	5	0.00000610388817676860
cella#1056	25	125	5	5	0.00000610388817676860
cella#1057	30	125	5	5	0.00000610388817676860
cella#1058	35	125	5	5	0.00000610388817676860
cella#1059	40	125	5	5	0.00003561929523518600
cella#1060	45	125	5	5	0.00000610388817676860
cella#1061	50	125	5	5	0.00000610388817676860
cella#1062	55	125	5	5	0.00000610388817676860
cella#1063	60	125	5	5	0.00000610388817676860
cella#1064	65	125	5	5	0.00000610388817676860
cella#1065	70	125	5	5	0.00000610388817676860
cella#1066	75	125	5	5	0.00000610388817676860
cella#1067	80	125	5	5	0.00000610388817676860
cella#1068	85	125	5	5	0.00000610388817676860
cella#1069	90	125	5	5	0.00009665817700287200
cella#1070	95	125	5	5	0.00076808587644741800
cella#1071	100	125	5	5	0.00040185258584130200
cella#1072	105	125	5	5	0.00217198015710420000
cella#1073	110	125	5	5	0.00070704699467973200
cella#1074	115	125	5	5	0.00168366910296271000
cella#1075	120	125	5	5	0.00021873594053824400
cella#1076	125	125	5	5	0.00211094127533651000
cella#1077	130	125	5	5	0.00272133009301337000
cella#1078	135	125	5	5	0.00327068002892254000
cella#1079	140	125	5	5	0.00571223529962999000
cella#1080	145	125	5	5	0.00174470798473039000
cella#1081	150	125	5	5	0.00027977482230593000
cella#1082	155	125	5	5	0.00009665817700287200
cella#1083	160	125	5	5	0.00034081370407361600
cella#1084	165	125	5	5	0.00000610388817676860
cella#1085	170	125	5	5	0.00000610388817676860
cella#1086	175	125	5	5	0.00003561929523518600
cella#1087	180	125	5	5	0.00000610388817676860
cella#1088	185	125	5	5	0.00000610388817676860
cella#1089	190	125	5	5	0.00000610388817676860
cella#1090	195	125	5	5	0.00000610388817676860
cella#1091	200	125	5	5	0.00000610388817676860
cella#1092	205	125	5	5	0.00000610388817676860
cella#1093	0	130	5	5	0.00000610388817676860
cella#1094	5	130	5	5	0.00000610388817676860
cella#1095	10	130	5	5	0.00000610388817676860
cella#1096	15	130	5	5	0.00000610388817676860
cella#1097	20	130	5	5	0.00000610388817676860
cella#1098	25	130	5	5	0.00000610388817676860
cella#1099	30	130	5	5	0.00000610388817676860
cella#1100	35	130	5	5	0.00000610388817676860
cella#1101	40	130	5	5	0.00000610388817676860
cella#1102	45	130	5	5	0.00000610388817676860
cella#1103	50	130	5	5	0.00000610388817676860
cella#1104	55	130	5	5	0.00000610388817676860
cella#1105	60	130	5	5	0.00000610388817676860
cella#1106	65	130	5	5	0.00000610388817676860
cella#1107	70	130	5	5	0.00000610388817676860
cella#1108	75	130	5	5	0.00000610388817676860
cella#1109	80	130	5	5	0.00000610388817676860
cella#1110	85	130	5	5	0.00027977482230593000
cella#1111	90	130	5	5	0.00046289146760898800
cella#1112	95	130	5	5	0.00174470798473039000
cella#1113	100	130	5	5	0.01120573465872170000
cella#1114	105	130	5	5	0.00320964114715486000
cella#1115	110	130	5	5	0.00015769705877055800
cella#1116	115	130	5	5	0.00082912475821510400
cella#1117	120	130	5	5	0.00351483555599329000
cella#1118	125	130	5	5	0.00455249654604395000
cella#1119	130	130	5	5	0.00168366910296271000
cella#1120	135	130	5	5	0.00687197405321602000
cella#1121	140	130	5	5	0.00302652450185180000
cella#1122	145	130	5	5	0.00125639693058891000
cella#1123	150	130	5	5	0.00040185258584130200
cella#1124	155	130	5	5	0.00064600811291204600
cella#1125	160	130	5	5	0.00052393034937667400
cella#1126	165	130	5	5	0.00009665817700287200
cella#1127	170	130	5	5	0.00000610388817676860
cella#1128	175	130	5	5	0.00000610388817676860
cella#1129	180	130	5	5	0.00000610388817676860
cella#1130	185	130	5	5	0.00000610388817676860
cella#1131	190	130	5	5	0.00000610388817676860
cella#1132	195	130	5	5	0.00000610388817676860
cella#1133	200	130	5	5	0.00000610388817676860
cella#1134	205	130	5	5	0.00000610388817676860
cella#1135	0	135	5	5	0.00000610388817676860
cella#1136	5	135	5	5	0.00000610388817676860
cella#1137	10	135	5	5	0.00000610388817676860
cella#1138	15	135	5	5	0.00000610388817676860
cella#1139	20	135	5	5	0.00000610388817676860
cella#1140	25	135	5	5	0.00000610388817676860
cella#1141	30	135	5	5	0.00000610388817676860
cella#1142	35	135	5	5	0.00000610388817676860
cella#1143	40	135	5	5	0.00000610388817676860
cella#1144	45	135	5	5	0.00000610388817676860
cella#1145	50	135	5	5	0.00000610388817676860
cella#1146	55	135	5	5	0.00000610388817676860
cella#1147	60	135	5	5	0.00000610388817676860
cella#1148	65	135	5	5	0.00000610388817676860
cella#1149	70	135	5	5	0.00000610388817676860
cella#1150	75	135	5	5	0.00000610388817676860
cella#1151	80	135	5	5	0.00000610388817676860
cella#1152	85	135	5	5	0.00009665817700287200
cella#1153	90	135	5	5	0.00150055245765965000
cella#1154	95	135	5	5	0.00027977482230593000
cella#1155	100	135	5	5	0.00143951357589196000
cella#1156	105	135	5	5	0.00058496923114436000
cella#1157	110	135	5	5	0.01090054024988330000
cella#1158	115	135	5	5	0.00259925232947800000
cella#1159	120	135	5	5	0.01187716235816630000
cella#1160	125	135	5	5	0.00461353542781164000
cella#1161	130	135	5	5	0.00589535194493304000
cella#1162	135	135	5	5	0.00540704089079156000
cella#1163	140	135	5	5	0.00143951357589196000
cella#1164	145	135	5	5	0.00027977482230593000
cella#1165	150	135	5	5	0.00015769705877055800
cella#1166	155	135	5	5	0.00015769705877055800
cella#1167	160	135	5	5	0.00000610388817676860
cella#1168	165	135	5	5	0.00015769705877055800
cella#1169	170	135	5	5	0.00015769705877055800
cella#1170	175	135	5	5	0.00000610388817676860
cella#1171	180	135	5	5	0.00000610388817676860
cella#1172	185	135	5	5	0.00000610388817676860
cella#1173	190	135	5	5	0.00000610388817676860
cella#1174	195	135	5	5	0.00000610388817676860
cella#1175	200	135	5	5	0.00000610388817676860
cella#1176	205	135	5	5	0.00000610388817676860
cella#1177	0	140	5	5	0.00009665817700287200
cella#1178	5	140	5	5	0.00000610388817676860
cella#1179	10	140	5	5	0.00000610388817676860
cella#1180	15	140	5	5	0.00000610388817676860
cella#1181	20	140	5	5	0.00000610388817676860
cella#1182	25	140	5	5	0.00000610388817676860
cella#1183	30	140	5	5	0.00000610388817676860
cella#1184	35	140	5	5	0.00000610388817676860
cella#1185	40	140	5	5	0.00000610388817676860
cella#1186	45	140	5	5	0.00000610388817676860
cella#1187	50	140	5	5	0.00009665817700287200
cella#1188	55	140	5	5	0.00000610388817676860
cella#1189	60	140	5	5	0.00000610388817676860
cella#1190	65	140	5	5	0.00000610388817676860
cella#1191	70	140	5	5	0.00000610388817676860
cella#1192	75	140	5	5	0.00000610388817676860
cella#1193	80	140	5	5	0.00000610388817676860
cella#1194	85	140	5	5	0.00064600811291204600
cella#1195	90	140	5	5	0.00003561929523518600
cella#1196	95	140	5	5	0.00000610388817676860
cella#1197	100	140	5	5	0.00235509680240725000
cella#1198	105	140	5	5	0.00009665817700287200
cella#1199	110	140	5	5	0.00382002996483172000
cella#1200	115	140	5	5	0.00278236897478106000
cella#1201	120	140	5	5	0.01181612347639860000
cella#1202	125	140	5	5	0.00760444063442825000
cella#1203	130	140	5	5	0.00583431306316536000
cella#1204	135	140	5	5	0.00406418549190246000
cella#1205	140	140	5	5	0.00113431916705353000
cella#1206	145	140	5	5	0.00021873594053824400
cella#1207	150	140	5	5	0.00000610388817676860
cella#1208	155	140	5	5	0.00000610388817676860
cella#1209	160	140	5	5	0.00000610388817676860
cella#1210	165	140	5	5	0.00000610388817676860
cella#1211	170	140	5	5	0.00000610388817676860
cella#1212	175	140	5	5	0.00000610388817676860
cella#1213	180	140	5	5	0.00000610388817676860
cella#1214	185	140	5	5	0.00000610388817676860
cella#1215	190	140	5	5	0.00000610388817676860
cella#1216	195	140	5	5	0.00000610388817676860
cella#1217	200	140	5	5	0.00000610388817676860
cella#1218	205	140	5	5	0.00000610388817676860
cella#1219	0	145	5	5	0.00000610388817676860
cella#1220	5	145	5	5	0.00000610388817676860
cella#1221	10	145	5	5	0.00000610388817676860
cella#1222	15	145	5	5	0.00000610388817676860
cella#1223	20	145	5	5	0.00000610388817676860
cella#1224	25	145	5	5	0.00000610388817676860
cella#1225	30	145	5	5	0.00000610388817676860
cella#1226	35	145	5	5	0.00000610388817676860
cella#1227	40	145	5	5	0.00000610388817676860
cella#1228	45	145	5	5	0.00000610388817676860
cella#1229	50	145	5	5	0.00000610388817676860
cella#1230	55	145	5	5	0.00003561929523518600
cella#1231	60	145	5	5	0.00000610388817676860
cella#1232	65	145	5	5	0.00000610388817676860
cella#1233	70	145	5	5	0.00000610388817676860
cella#1234	75	145	5	5	0.00000610388817676860
cella#1235	80	145	5	5	0.00000610388817676860
cella#1236	85	145	5	5	0.00000610388817676860
cella#1237	90	145	5	5	0.00009665817700287200
cella#1238	95	145	5	5	0.00168366910296271000
cella#1239	100	145	5	5	0.00546807977255924000
cella#1240	105	145	5	5	0.00406418549190246000
cella#1241	110	145	5	5	0.00345379667422560000
cella#1242	115	145	5	5	0.00711612958028676000
cella#1243	120	145	5	5	0.01236547341230780000
cella#1244	125	145	5	5	0.01297586222998460000
cella#1245	130	145	5	5	0.00919145156038809000
cella#1246	135	145	5	5	0.00778755727973131000
cella#1247	140	145	5	5	0.00113431916705353000
cella#1248	145	145	5	5	0.00009665817700287200
cella#1249	150	145	5	5	0.00000610388817676860
cella#1250	155	145	5	5	0.00000610388817676860
cella#1251	160	145	5	5	0.00000610388817676860
cella#1252	165	145	5	5	0.00000610388817676860
cella#1253	170	145	5	5	0.00000610388817676860
cella#1254	175	145	5	5	0.00000610388817676860
cella#1255	180	145	5	5	0.00000610388817676860
cella#1256	185	145	5	5	0.00000610388817676860
cella#1257	190	145	5	5	0.00000610388817676860
cella#1258	195	145	5	5	0.00000610388817676860
cella#1259	200	145	5	5	0.00000610388817676860
cella#1260	205	145	5	5	0.00000610388817676860
cella#1261	0	150	5	5	0.00000610388817676860
cella#1262	5	150	5	5	0.00000610388817676860
cella#1263	10	150	5	5	0.00000610388817676860
cella#1264	15	150	5	5	0.00000610388817676860
cella#1265	20	150	5	5	0.00000610388817676860
cella#1266	25	150	5	5	0.00000610388817676860
cella#1267	30	150	5	5	0.00000610388817676860
cella#1268	35	150	5	5	0.00000610388817676860
cella#1269	40	150	5	5	0.00000610388817676860
cella#1270	45	150	5	5	0.00000610388817676860
cella#1271	50	150	5	5	0.00000610388817676860
cella#1272	55	150	5	5	0.00000610388817676860
cella#1273	60	150	5	5	0.00000610388817676860
cella#1274	65	150	5	5	0.00000610388817676860
cella#1275	70	150	5	5	0.00000610388817676860
cella#1276	75	150	5	5	0.00000610388817676860
cella#1277	80	150	5	5	0.00009665817700287200
cella#1278	85	150	5	5	0.00000610388817676860
cella#1279	90	150	5	5	0.00027977482230593000
cella#1280	95	150	5	5	0.00308756338361949000
cella#1281	100	150	5	5	0.00168366910296271000
cella#1282	105	150	5	5	0.00461353542781164000
cella#1283	110	150	5	5	0.00192782463003345000
cella#1284	115	150	5	5	0.05674074045741550000
cella#1285	120	150	5	5	0.02909012701665370000
cella#1286	125	150	5	5	0.01865247823437940000
cella#1287	130	150	5	5	0.01578365079129820000
cella#1288	135	150	5	5	0.00711612958028676000
cella#1289	140	150	5	5	0.00339000000000000000
cella#1290	145	150	5	5	0.00021873594053824400
cella#1291	150	150	5	5	0.00003561929523518600
cella#1292	155	150	5	5	0.00000610388817676860
cella#1293	160	150	5	5	0.00000610388817676860
cella#1294	165	150	5	5	0.00000610388817676860
cella#1295	170	150	5	5	0.00009665817700287200
cella#1296	175	150	5	5	0.00000610388817676860
cella#1297	180	150	5	5	0.00003561929523518600
cella#1298	185	150	5	5	0.00000610388817676860
cella#1299	190	150	5	5	0.00000610388817676860
cella#1300	195	150	5	5	0.00000610388817676860
cella#1301	200	150	5	5	0.00000610388817676860
cella#1302	205	150	5	5	0.00000610388817676860
cella#1303	0	155	5	5	0.00000610388817676860
cella#1304	5	155	5	5	0.00000610388817676860
cella#1305	10	155	5	5	0.00000610388817676860
cella#1306	15	155	5	5	0.00000610388817676860
cella#1307	20	155	5	5	0.00000610388817676860
cella#1308	25	155	5	5	0.00000610388817676860
cella#1309	30	155	5	5	0.00000610388817676860
cella#1310	35	155	5	5	0.00000610388817676860
cella#1311	40	155	5	5	0.00000610388817676860
cella#1312	45	155	5	5	0.00000610388817676860
cella#1313	50	155	5	5	0.00000610388817676860
cella#1314	55	155	5	5	0.00000610388817676860
cella#1315	60	155	5	5	0.00000610388817676860
cella#1316	65	155	5	5	0.00000610388817676860
cella#1317	70	155	5	5	0.00003561929523518600
cella#1318	75	155	5	5	0.00000610388817676860
cella#1319	80	155	5	5	0.00021873594053824400
cella#1320	85	155	5	5	0.00064600811291204600
cella#1321	90	155	5	5	0.00095120252175047600
cella#1322	95	155	5	5	0.00186678574826577000
cella#1323	100	155	5	5	0.00217198015710420000
cella#1324	105	155	5	5	0.00394210772836709000
cella#1325	110	155	5	5	0.02200961673160220000
cella#1326	115	155	5	5	0.06907059457448810000
cella#1327	120	155	5	5	0.07053552773691250000
cella#1328	125	155	5	5	0.04160309777902940000
cella#1329	130	155	5	5	0.01633300072720740000
cella#1330	135	155	5	5	0.00613950747200379000
cella#1331	140	155	5	5	0.00235509680240725000
cella#1332	145	155	5	5	0.00040185258584130200
cella#1333	150	155	5	5	0.00000610388817676860
cella#1334	155	155	5	5	0.00000610388817676860
cella#1335	160	155	5	5	0.00000610388817676860
cella#1336	165	155	5	5	0.00000610388817676860
cella#1337	170	155	5	5	0.00034081370407361600
cella#1338	175	155	5	5	0.00000610388817676860
cella#1339	180	155	5	5	0.00000610388817676860
cella#1340	185	155	5	5	0.00000610388817676860
cella#1341	190	155	5	5	0.00000610388817676860
cella#1342	195	155	5	5	0.00000610388817676860
cella#1343	200	155	5	5	0.00000610388817676860
cella#1344	205	155	5	5	0.00000610388817676860
cella#1345	0	160	5	5	0.00000610388817676860
cella#1346	5	160	5	5	0.00000610388817676860
cella#1347	10	160	5	5	0.00000610388817676860
cella#1348	15	160	5	5	0.00000610388817676860
cella#1349	20	160	5	5	0.00000610388817676860
cella#1350	25	160	5	5	0.00000610388817676860
cella#1351	30	160	5	5	0.00000610388817676860
cella#1352	35	160	5	5	0.00000610388817676860
cella#1353	40	160	5	5	0.00000610388817676860
cella#1354	45	160	5	5	0.00000610388817676860
cella#1355	50	160	5	5	0.00000610388817676860
cella#1356	55	160	5	5	0.00000610388817676860
cella#1357	60	160	5	5	0.00000610388817676860
cella#1358	65	160	5	5	0.00000610388817676860
cella#1359	70	160	5	5	0.00000610388817676860
cella#1360	75	160	5	5	0.00000610388817676860
cella#1361	80	160	5	5	0.00003561929523518600
cella#1362	85	160	5	5	0.00015769705877055800
cella#1363	90	160	5	5	0.00052393034937667400
cella#1364	95	160	5	5	0.00119535804882122000
cella#1365	100	160	5	5	0.00363691331952866000
cella#1366	105	160	5	5	0.00534600200902387000
cella#1367	110	160	5	5	0.00418626325543783000
cella#1368	115	160	5	5	0.03977193132599880000
cella#1369	120	160	5	5	0.06278358975241640000
cella#1370	125	160	5	5	0.03861219257241270000
cella#1371	130	160	5	5	0.01834728382554100000
cella#1372	135	160	5	5	0.00937456820569115000
cella#1373	140	160	5	5	0.00320964114715486000
cella#1374	145	160	5	5	0.00150055245765965000
cella#1375	150	160	5	5	0.00021873594053824400
cella#1376	155	160	5	5	0.00000610388817676860
cella#1377	160	160	5	5	0.00000610388817676860
cella#1378	165	160	5	5	0.00000610388817676860
cella#1379	170	160	5	5	0.00000610388817676860
cella#1380	175	160	5	5	0.00000610388817676860
cella#1381	180	160	5	5	0.00000610388817676860
cella#1382	185	160	5	5	0.00000610388817676860
cella#1383	190	160	5	5	0.00000610388817676860
cella#1384	195	160	5	5	0.00000610388817676860
cella#1385	200	160	5	5	0.00000610388817676860
cella#1386	205	160	5	5	0.00000610388817676860
cella#1387	0	165	5	5	0.00000610388817676860
cella#1388	5	165	5	5	0.00000610388817676860
cella#1389	10	165	5	5	0.00000610388817676860
cella#1390	15	165	5	5	0.00000610388817676860
cella#1391	20	165	5	5	0.00000610388817676860
cella#1392	25	165	5	5	0.00000610388817676860
cella#1393	30	165	5	5	0.00000610388817676860
cella#1394	35	165	5	5	0.00000610388817676860
cella#1395	40	165	5	5	0.00000610388817676860
cella#1396	45	165	5	5	0.00000610388817676860
cella#1397	50	165	5	5	0.00000610388817676860
cella#1398	55	165	5	5	0.00000610388817676860
cella#1399	60	165	5	5	0.00000610388817676860
cella#1400	65	165	5	5	0.00000610388817676860
cella#1401	70	165	5	5	0.00009665817700287200
cella#1402	75	165	5	5	0.00003561929523518600
cella#1403	80	165	5	5	0.00000610388817676860
cella#1404	85	165	5	5	0.00046289146760898800
cella#1405	90	165	5	5	0.00137847469412428000
cella#1406	95	165	5	5	0.00095120252175047600
cella#1407	100	165	5	5	0.00339275779245792000
cella#1408	105	165	5	5	0.00186678574826577000
cella#1409	110	165	5	5	0.00674989628968065000
cella#1410	115	165	5	5	0.00534600200902387000
cella#1411	120	165	5	5	0.00552911865432693000
cella#1412	125	165	5	5	0.01279274558468160000
cella#1413	130	165	5	5	0.01340313440235840000
cella#1414	135	165	5	5	0.00308756338361949000
cella#1415	140	165	5	5	0.00168366910296271000
cella#1416	145	165	5	5	0.00064600811291204600
cella#1417	150	165	5	5	0.00021873594053824400
cella#1418	155	165	5	5	0.00000610388817676860
cella#1419	160	165	5	5	0.00000610388817676860
cella#1420	165	165	5	5	0.00000610388817676860
cella#1421	170	165	5	5	0.00021873594053824400
cella#1422	175	165	5	5	0.00003561929523518600
cella#1423	180	165	5	5	0.00000610388817676860
cella#1424	185	165	5	5	0.00003561929523518600
cella#1425	190	165	5	5	0.00000610388817676860
cella#1426	195	165	5	5	0.00000610388817676860
cella#1427	200	165	5	5	0.00000610388817676860
cella#1428	205	165	5	5	0.00000610388817676860
cella#1429	0	170	5	5	0.00000610388817676860
cella#1430	5	170	5	5	0.00000610388817676860
cella#1431	10	170	5	5	0.00000610388817676860
cella#1432	15	170	5	5	0.00000610388817676860
cella#1433	20	170	5	5	0.00000610388817676860
cella#1434	25	170	5	5	0.00000610388817676860
cella#1435	30	170	5	5	0.00000610388817676860
cella#1436	35	170	5	5	0.00000610388817676860
cella#1437	40	170	5	5	0.00000610388817676860
cella#1438	45	170	5	5	0.00000610388817676860
cella#1439	50	170	5	5	0.00003561929523518600
cella#1440	55	170	5	5	0.00000610388817676860
cella#1441	60	170	5	5	0.00003561929523518600
cella#1442	65	170	5	5	0.00000610388817676860
cella#1443	70	170	5	5	0.00003561929523518600
cella#1444	75	170	5	5	0.00000610388817676860
cella#1445	80	170	5	5	0.00003561929523518600
cella#1446	85	170	5	5	0.00015769705877055800
cella#1447	90	170	5	5	0.00137847469412428000
cella#1448	95	170	5	5	0.00070704699467973200
cella#1449	100	170	5	5	0.00131743581235659000
cella#1450	105	170	5	5	0.00540704089079156000
cella#1451	110	170	5	5	0.00174470798473039000
cella#1452	115	170	5	5	0.00345379667422560000
cella#1453	120	170	5	5	0.00485769095488238000
cella#1454	125	170	5	5	0.00687197405321602000
cella#1455	130	170	5	5	0.00412522437367015000
cella#1456	135	170	5	5	0.00339275779245792000
cella#1457	140	170	5	5	0.00143951357589196000
cella#1458	145	170	5	5	0.00058496923114436000
cella#1459	150	170	5	5	0.00009665817700287200
cella#1460	155	170	5	5	0.00009665817700287200
cella#1461	160	170	5	5	0.00015769705877055800
cella#1462	165	170	5	5	0.00000610388817676860
cella#1463	170	170	5	5	0.00000610388817676860
cella#1464	175	170	5	5	0.00000610388817676860
cella#1465	180	170	5	5	0.00000610388817676860
cella#1466	185	170	5	5	0.00000610388817676860
cella#1467	190	170	5	5	0.00000610388817676860
cella#1468	195	170	5	5	0.00000610388817676860
cella#1469	200	170	5	5	0.00000610388817676860
cella#1470	205	170	5	5	0.00000610388817676860
cella#1471	0	175	5	5	0.00000610388817676860
cella#1472	5	175	5	5	0.00000610388817676860
cella#1473	10	175	5	5	0.00000610388817676860
cella#1474	15	175	5	5	0.00000610388817676860
cella#1475	20	175	5	5	0.00000610388817676860
cella#1476	25	175	5	5	0.00000610388817676860
cella#1477	30	175	5	5	0.00000610388817676860
cella#1478	35	175	5	5	0.00000610388817676860
cella#1479	40	175	5	5	0.00000610388817676860
cella#1480	45	175	5	5	0.00000610388817676860
cella#1481	50	175	5	5	0.00000610388817676860
cella#1482	55	175	5	5	0.00000610388817676860
cella#1483	60	175	5	5	0.00000610388817676860
cella#1484	65	175	5	5	0.00000610388817676860
cella#1485	70	175	5	5	0.00000610388817676860
cella#1486	75	175	5	5	0.00000610388817676860
cella#1487	80	175	5	5	0.00000610388817676860
cella#1488	85	175	5	5	0.00021873594053824400
cella#1489	90	175	5	5	0.00046289146760898800
cella#1490	95	175	5	5	0.00113431916705353000
cella#1491	100	175	5	5	0.00070704699467973200
cella#1492	105	175	5	5	0.00162263022119502000
cella#1493	110	175	5	5	0.00168366910296271000
cella#1494	115	175	5	5	0.00308756338361949000
cella#1495	120	175	5	5	0.00284340785654874000
cella#1496	125	175	5	5	0.00357587443776097000
cella#1497	130	175	5	5	0.00204990239356882000
cella#1498	135	175	5	5	0.00162263022119502000
cella#1499	140	175	5	5	0.00314860226538717000
cella#1500	145	175	5	5	0.00052393034937667400
cella#1501	150	175	5	5	0.00021873594053824400
cella#1502	155	175	5	5	0.00040185258584130200
cella#1503	160	175	5	5	0.00027977482230593000
cella#1504	165	175	5	5	0.00000610388817676860
cella#1505	170	175	5	5	0.00000610388817676860
cella#1506	175	175	5	5	0.00021873594053824400
cella#1507	180	175	5	5	0.00000610388817676860
cella#1508	185	175	5	5	0.00000610388817676860
cella#1509	190	175	5	5	0.00000610388817676860
cella#1510	195	175	5	5	0.00003561929523518600
cella#1511	200	175	5	5	0.00000610388817676860
cella#1512	205	175	5	5	0.00000610388817676860
cella#1513	0	180	5	5	0.00000610388817676860
cella#1514	5	180	5	5	0.00000610388817676860
cella#1515	10	180	5	5	0.00000610388817676860
cella#1516	15	180	5	5	0.00000610388817676860
cella#1517	20	180	5	5	0.00000610388817676860
cella#1518	25	180	5	5	0.00000610388817676860
cella#1519	30	180	5	5	0.00000610388817676860
cella#1520	35	180	5	5	0.00000610388817676860
cella#1521	40	180	5	5	0.00000610388817676860
cella#1522	45	180	5	5	0.00000610388817676860
cella#1523	50	180	5	5	0.00000610388817676860
cella#1524	55	180	5	5	0.00000610388817676860
cella#1525	60	180	5	5	0.00000610388817676860
cella#1526	65	180	5	5	0.00000610388817676860
cella#1527	70	180	5	5	0.00000610388817676860
cella#1528	75	180	5	5	0.00000610388817676860
cella#1529	80	180	5	5	0.00000610388817676860
cella#1530	85	180	5	5	0.00034081370407361600
cella#1531	90	180	5	5	0.00052393034937667400
cella#1532	95	180	5	5	0.00089016363998279000
cella#1533	100	180	5	5	0.00327068002892254000
cella#1534	105	180	5	5	0.00052393034937667400
cella#1535	110	180	5	5	0.00089016363998279000
cella#1536	115	180	5	5	0.00034081370407361600
cella#1537	120	180	5	5	0.00131743581235659000
cella#1538	125	180	5	5	0.00333171891069023000
cella#1539	130	180	5	5	0.00211094127533651000
cella#1540	135	180	5	5	0.00247717456594263000
cella#1541	140	180	5	5	0.00113431916705353000
cella#1542	145	180	5	5	0.00089016363998279000
cella#1543	150	180	5	5	0.00040185258584130200
cella#1544	155	180	5	5	0.00000610388817676860
cella#1545	160	180	5	5	0.00009665817700287200
cella#1546	165	180	5	5	0.00000610388817676860
cella#1547	170	180	5	5	0.00027977482230593000
cella#1548	175	180	5	5	0.00000610388817676860
cella#1549	180	180	5	5	0.00000610388817676860
cella#1550	185	180	5	5	0.00000610388817676860
cella#1551	190	180	5	5	0.00000610388817676860
cella#1552	195	180	5	5	0.00000610388817676860
cella#1553	200	180	5	5	0.00000610388817676860
cella#1554	205	180	5	5	0.00000610388817676860
cella#1555	0	185	5	5	0.00000610388817676860
cella#1556	5	185	5	5	0.00000610388817676860
cella#1557	10	185	5	5	0.00000610388817676860
cella#1558	15	185	5	5	0.00000610388817676860
cella#1559	20	185	5	5	0.00000610388817676860
cella#1560	25	185	5	5	0.00000610388817676860
cella#1561	30	185	5	5	0.00000610388817676860
cella#1562	35	185	5	5	0.00000610388817676860
cella#1563	40	185	5	5	0.00000610388817676860
cella#1564	45	185	5	5	0.00000610388817676860
cella#1565	50	185	5	5	0.00000610388817676860
cella#1566	55	185	5	5	0.00000610388817676860
cella#1567	60	185	5	5	0.00000610388817676860
cella#1568	65	185	5	5	0.00000610388817676860
cella#1569	70	185	5	5	0.00000610388817676860
cella#1570	75	185	5	5	0.00003561929523518600
cella#1571	80	185	5	5	0.00000610388817676860
cella#1572	85	185	5	5	0.00003561929523518600
cella#1573	90	185	5	5	0.00003561929523518600
cella#1574	95	185	5	5	0.00046289146760898800
cella#1575	100	185	5	5	0.00027977482230593000
cella#1576	105	185	5	5	0.00058496923114436000
cella#1577	110	185	5	5	0.00095120252175047600
cella#1578	115	185	5	5	0.00027977482230593000
cella#1579	120	185	5	5	0.00064600811291204600
cella#1580	125	185	5	5	0.00107328028528585000
cella#1581	130	185	5	5	0.00266029121124568000
cella#1582	135	185	5	5	0.00180574686649808000
cella#1583	140	185	5	5	0.00082912475821510400
cella#1584	145	185	5	5	0.00046289146760898800
cella#1585	150	185	5	5	0.00003561929523518600
cella#1586	155	185	5	5	0.00000610388817676860
cella#1587	160	185	5	5	0.00000610388817676860
cella#1588	165	185	5	5	0.00000610388817676860
cella#1589	170	185	5	5	0.00000610388817676860
cella#1590	175	185	5	5	0.00000610388817676860
cella#1591	180	185	5	5	0.00000610388817676860
cella#1592	185	185	5	5	0.00000610388817676860
cella#1593	190	185	5	5	0.00000610388817676860
cella#1594	195	185	5	5	0.00000610388817676860
cella#1595	200	185	5	5	0.00000610388817676860
cella#1596	205	185	5	5	0.00000610388817676860
cella#1597	0	190	5	5	0.00000610388817676860
cella#1598	5	190	5	5	0.00000610388817676860
cella#1599	10	190	5	5	0.00000610388817676860
cella#1600	15	190	5	5	0.00000610388817676860
cella#1601	20	190	5	5	0.00000610388817676860
cella#1602	25	190	5	5	0.00000610388817676860
cella#1603	30	190	5	5	0.00000610388817676860
cella#1604	35	190	5	5	0.00000610388817676860
cella#1605	40	190	5	5	0.00000610388817676860
cella#1606	45	190	5	5	0.00000610388817676860
cella#1607	50	190	5	5	0.00000610388817676860
cella#1608	55	190	5	5	0.00000610388817676860
cella#1609	60	190	5	5	0.00000610388817676860
cella#1610	65	190	5	5	0.00009665817700287200
cella#1611	70	190	5	5	0.00003561929523518600
cella#1612	75	190	5	5	0.00000610388817676860
cella#1613	80	190	5	5	0.00000610388817676860
cella#1614	85	190	5	5	0.00027977482230593000
cella#1615	90	190	5	5	0.00009665817700287200
cella#1616	95	190	5	5	0.00021873594053824400
cella#1617	100	190	5	5	0.00034081370407361600
cella#1618	105	190	5	5	0.00009665817700287200
cella#1619	110	190	5	5	0.00015769705877055800
cella#1620	115	190	5	5	0.00015769705877055800
cella#1621	120	190	5	5	0.00058496923114436000
cella#1622	125	190	5	5	0.00101224140351816000
cella#1623	130	190	5	5	0.00034081370407361600
cella#1624	135	190	5	5	0.00101224140351816000
cella#1625	140	190	5	5	0.00009665817700287200
cella#1626	145	190	5	5	0.00000610388817676860
cella#1627	150	190	5	5	0.00000610388817676860
cella#1628	155	190	5	5	0.00000610388817676860
cella#1629	160	190	5	5	0.00000610388817676860
cella#1630	165	190	5	5	0.00000610388817676860
cella#1631	170	190	5	5	0.00000610388817676860
cella#1632	175	190	5	5	0.00000610388817676860
cella#1633	180	190	5	5	0.00000610388817676860
cella#1634	185	190	5	5	0.00000610388817676860
cella#1635	190	190	5	5	0.00000610388817676860
cella#1636	195	190	5	5	0.00000610388817676860
cella#1637	200	190	5	5	0.00000610388817676860
cella#1638	205	190	5	5	0.00000610388817676860
cella#1639	0	195	5	5	0.00000610388817676860
cella#1640	5	195	5	5	0.00000610388817676860
cella#1641	10	195	5	5	0.00000610388817676860
cella#1642	15	195	5	5	0.00000610388817676860
cella#1643	20	195	5	5	0.00000610388817676860
cella#1644	25	195	5	5	0.00000610388817676860
cella#1645	30	195	5	5	0.00000610388817676860
cella#1646	35	195	5	5	0.00000610388817676860
cella#1647	40	195	5	5	0.00000610388817676860
cella#1648	45	195	5	5	0.00000610388817676860
cella#1649	50	195	5	5	0.00000610388817676860
cella#1650	55	195	5	5	0.00000610388817676860
cella#1651	60	195	5	5	0.00000610388817676860
cella#1652	65	195	5	5	0.00000610388817676860
cella#1653	70	195	5	5	0.00003561929523518600
cella#1654	75	195	5	5	0.00003561929523518600
cella#1655	80	195	5	5	0.00000610388817676860
cella#1656	85	195	5	5	0.00015769705877055800
cella#1657	90	195	5	5	0.00003561929523518600
cella#1658	95	195	5	5	0.00000610388817676860
cella#1659	100	195	5	5	0.00000610388817676860
cella#1660	105	195	5	5	0.00027977482230593000
cella#1661	110	195	5	5	0.00000610388817676860
cella#1662	115	195	5	5	0.00000610388817676860
cella#1663	120	195	5	5	0.00003561929523518600
cella#1664	125	195	5	5	0.00015769705877055800
cella#1665	130	195	5	5	0.00009665817700287200
cella#1666	135	195	5	5	0.00009665817700287200
cella#1667	140	195	5	5	0.00009665817700287200
cella#1668	145	195	5	5	0.00040185258584130200
cella#1669	150	195	5	5	0.00000610388817676860
cella#1670	155	195	5	5	0.00000610388817676860
cella#1671	160	195	5	5	0.00000610388817676860
cella#1672	165	195	5	5	0.00000610388817676860
cella#1673	170	195	5	5	0.00000610388817676860
cella#1674	175	195	5	5	0.00000610388817676860
cella#1675	180	195	5	5	0.00000610388817676860
cella#1676	185	195	5	5	0.00000610388817676860
cella#1677	190	195	5	5	0.00000610388817676860
cella#1678	195	195	5	5	0.00000610388817676860
cella#1679	200	195	5	5	0.00000610388817676860
cella#1680	205	195	5	5	0.00000610388817676860
cella#1681	0	200	5	5	0.00000610388817676860
cella#1682	5	200	5	5	0.00000610388817676860
cella#1683	10	200	5	5	0.00000610388817676860
cella#1684	15	200	5	5	0.00000610388817676860
cella#1685	20	200	5	5	0.00000610388817676860
cella#1686	25	200	5	5	0.00000610388817676860
cella#1687	30	200	5	5	0.00000610388817676860
cella#1688	35	200	5	5	0.00000610388817676860
cella#1689	40	200	5	5	0.00000610388817676860
cella#1690	45	200	5	5	0.00000610388817676860
cella#1691	50	200	5	5	0.00000610388817676860
cella#1692	55	200	5	5	0.00000610388817676860
cella#1693	60	200	5	5	0.00000610388817676860
cella#1694	65	200	5	5	0.00000610388817676860
cella#1695	70	200	5	5	0.00000610388817676860
cella#1696	75	200	5	5	0.00000610388817676860
cella#1697	80	200	5	5	0.00000610388817676860
cella#1698	85	200	5	5	0.00009665817700287200
cella#1699	90	200	5	5	0.00000610388817676860
cella#1700	95	200	5	5	0.00000610388817676860
cella#1701	100	200	5	5	0.00000610388817676860
cella#1702	105	200	5	5	0.00003561929523518600
cella#1703	110	200	5	5	0.00000610388817676860
cella#1704	115	200	5	5	0.00000610388817676860
cella#1705	120	200	5	5	0.00000610388817676860
cella#1706	125	200	5	5	0.00003561929523518600
cella#1707	130	200	5	5	0.00000610388817676860
cella#1708	135	200	5	5	0.00000610388817676860
cella#1709	140	200	5	5	0.00000610388817676860
cella#1710	145	200	5	5	0.00021873594053824400
cella#1711	150	200	5	5	0.00009665817700287200
cella#1712	155	200	5	5	0.00000610388817676860
cella#1713	160	200	5	5	0.00000610388817676860
cella#1714	165	200	5	5	0.00000610388817676860
cella#1715	170	200	5	5	0.00000610388817676860
cella#1716	175	200	5	5	0.00000610388817676860
cella#1717	180	200	5	5	0.00000610388817676860
cella#1718	185	200	5	5	0.00000610388817676860
cella#1719	190	200	5	5	0.00000610388817676860
cella#1720	195	200	5	5	0.00000610388817676860
cella#1721	200	200	5	5	0.00000610388817676860
cella#1722	205	200	5	5	0.00000610388817676860
cella#1723	0	205	5	5	0.00000610388817676860
cella#1724	5	205	5	5	0.00000610388817676860
cella#1725	10	205	5	5	0.00000610388817676860
cella#1726	15	205	5	5	0.00000610388817676860
cella#1727	20	205	5	5	0.00000610388817676860
cella#1728	25	205	5	5	0.00000610388817676860
cella#1729	30	205	5	5	0.00000610388817676860
cella#1730	35	205	5	5	0.00000610388817676860
cella#1731	40	205	5	5	0.00000610388817676860
cella#1732	45	205	5	5	0.00000610388817676860
cella#1733	50	205	5	5	0.00000610388817676860
cella#1734	55	205	5	5	0.00000610388817676860
cella#1735	60	205	5	5	0.00000610388817676860
cella#1736	65	205	5	5	0.00000610388817676860
cella#1737	70	205	5	5	0.00000610388817676860
cella#1738	75	205	5	5	0.00000610388817676860
cella#1739	80	205	5	5	0.00000610388817676860
cella#1740	85	205	5	5	0.00000610388817676860
cella#1741	90	205	5	5	0.00000610388817676860
cella#1742	95	205	5	5	0.00000610388817676860
cella#1743	100	205	5	5	0.00000610388817676860
cella#1744	105	205	5	5	0.00000610388817676860
cella#1745	110	205	5	5	0.00000610388817676860
cella#1746	115	205	5	5	0.00000610388817676860
cella#1747	120	205	5	5	0.00003561929523518600
cella#1748	125	205	5	5	0.00000610388817676860
cella#1749	130	205	5	5	0.00000610388817676860
cella#1750	135	205	5	5	0.00000610388817676860
cella#1751	140	205	5	5	0.00003561929523518600
cella#1752	145	205	5	5	0.00000610388817676860
cella#1753	150	205	5	5	0.00021873594053824400
cella#1754	155	205	5	5	0.00003561929523518600
cella#1755	160	205	5	5	0.00000610388817676860
cella#1756	165	205	5	5	0.00000610388817676860
cella#1757	170	205	5	5	0.00000610388817676860
cella#1758	175	205	5	5	0.00000610388817676860
cella#1759	180	205	5	5	0.00000610388817676860
cella#1760	185	205	5	5	0.00000610388817676860
cella#1761	190	205	5	5	0.00000610388817676860
cella#1762	195	205	5	5	0.00000610388817676860
cella#1763	200	205	5	5	0.00000610388817676860
cella#1764	205	205	5	5	0.00000610388817676860
cella#1765	0	210	5	5	0.00000610388817676860
cella#1766	5	210	5	5	0.00000610388817676860
cella#1767	10	210	5	5	0.00000610388817676860
cella#1768	15	210	5	5	0.00000610388817676860
cella#1769	20	210	5	5	0.00000610388817676860
cella#1770	25	210	5	5	0.00000610388817676860
cella#1771	30	210	5	5	0.00000610388817676860
cella#1772	35	210	5	5	0.00000610388817676860
cella#1773	40	210	5	5	0.00000610388817676860
cella#1774	45	210	5	5	0.00000610388817676860
cella#1775	50	210	5	5	0.00000610388817676860
cella#1776	55	210	5	5	0.00000610388817676860
cella#1777	60	210	5	5	0.00000610388817676860
cella#1778	65	210	5	5	0.00000610388817676860
cella#1779	70	210	5	5	0.00000610388817676860
cella#1780	75	210	5	5	0.00000610388817676860
cella#1781	80	210	5	5	0.00000610388817676860
cella#1782	85	210	5	5	0.00000610388817676860
cella#1783	90	210	5	5	0.00000610388817676860
cella#1784	95	210	5	5	0.00000610388817676860
cella#1785	100	210	5	5	0.00009665817700287200
cella#1786	105	210	5	5	0.00000610388817676860
cella#1787	110	210	5	5	0.00000610388817676860
cella#1788	115	210	5	5	0.00000610388817676860
cella#1789	120	210	5	5	0.00000610388817676860
cella#1790	125	210	5	5	0.00009665817700287200
cella#1791	130	210	5	5	0.00000610388817676860
cella#1792	135	210	5	5	0.00000610388817676860
cella#1793	140	210	5	5	0.00000610388817676860
cella#1794	145	210	5	5	0.00000610388817676860
cella#1795	150	210	5	5	0.00000610388817676860
cella#1796	155	210	5	5	0.00000610388817676860
cella#1797	160	210	5	5	0.00000610388817676860
cella#1798	165	210	5	5	0.00000610388817676860
cella#1799	170	210	5	5	0.00000610388817676860
cella#1800	175	210	5	5	0.00000610388817676860
cella#1801	180	210	5	5	0.00000610388817676860
cella#1802	185	210	5	5	0.00000610388817676860
cella#1803	190	210	5	5	0.00000610388817676860
cella#1804	195	210	5	5	0.00009665817700287200
cella#1805	200	210	5	5	0.00000610388817676860
cella#1806	205	210	5	5	0.00003561929523518600
cella#1807	0	215	5	5	0.00000610388817676860
cella#1808	5	215	5	5	0.00000610388817676860
cella#1809	10	215	5	5	0.00000610388817676860
cella#1810	15	215	5	5	0.00000610388817676860
cella#1811	20	215	5	5	0.00000610388817676860
cella#1812	25	215	5	5	0.00000610388817676860
cella#1813	30	215	5	5	0.00000610388817676860
cella#1814	35	215	5	5	0.00000610388817676860
cella#1815	40	215	5	5	0.00000610388817676860
cella#1816	45	215	5	5	0.00000610388817676860
cella#1817	50	215	5	5	0.00000610388817676860
cella#1818	55	215	5	5	0.00000610388817676860
cella#1819	60	215	5	5	0.00000610388817676860
cella#1820	65	215	5	5	0.00000610388817676860
cella#1821	70	215	5	5	0.00000610388817676860
cella#1822	75	215	5	5	0.00000610388817676860
cella#1823	80	215	5	5	0.00000610388817676860
cella#1824	85	215	5	5	0.00000610388817676860
cella#1825	90	215	5	5	0.00000610388817676860
cella#1826	95	215	5	5	0.00000610388817676860
cella#1827	100	215	5	5	0.00000610388817676860
cella#1828	105	215	5	5	0.00000610388817676860
cella#1829	110	215	5	5	0.00000610388817676860
cella#1830	115	215	5	5	0.00000610388817676860
cella#1831	120	215	5	5	0.00000610388817676860
cella#1832	125	215	5	5	0.00000610388817676860
cella#1833	130	215	5	5	0.00000610388817676860
cella#1834	135	215	5	5	0.00000610388817676860
cella#1835	140	215	5	5	0.00000610388817676860
cella#1836	145	215	5	5	0.00000610388817676860
cella#1837	150	215	5	5	0.00003561929523518600
cella#1838	155	215	5	5	0.00009665817700287200
cella#1839	160	215	5	5	0.00000610388817676860
cella#1840	165	215	5	5	0.00000610388817676860
cella#1841	170	215	5	5	0.00003561929523518600
cella#1842	175	215	5	5	0.00000610388817676860
cella#1843	180	215	5	5	0.00000610388817676860
cella#1844	185	215	5	5	0.00000610388817676860
cella#1845	190	215	5	5	0.00000610388817676860
cella#1846	195	215	5	5	0.00000610388817676860
cella#1847	200	215	5	5	0.00000610388817676860
cella#1848	205	215	5	5	0.00000610388817676860