
 DAY: 1 
              x           y   kg  set_up_time  last_day  yet_postponed
0    170.679314   96.787269  495          234         4          False
1    133.517530  101.472158    4           24         5          False
2    161.302944  106.468154    8           30         5          False
3    174.493788  105.771965  334           73         5          False
4    115.999916  113.409026  384          123         5          False
5    119.962191  113.771318  537          187         4          False
6    117.075262  110.446601    3           19         4          False
7    120.645480  113.960103  201          144         4          False
8    147.289695  113.231335    1           15         4          False
9    173.229547  110.466717  420          257         4          False
10   109.447233  115.591498  423          197         4          False
11   115.077726  115.170591  285          232         4          False
12   116.010311  116.240539    8           22         5          False
13   106.721406  124.931391    6           17         5          False
14   116.608217  121.813138  484           61         5          False
15   121.674213  120.693516    4           41         5          False
16   123.446612  120.664456  200          159         5          False
17   140.829790  122.065536    7           22         4          False
18   143.382672  123.420187    8           31         4          False
19    21.807163  126.254899  281           95         5          False
20   101.841005  125.679077    8           26         4          False
21   106.229705  127.627707  576          240         4          False
22   127.520103  128.421226  324          181         5          False
23   130.086616  128.313247  286          154         5          False
24   134.414253  127.443002  392           96         4          False
25   137.892608  129.253668    8           16         4          False
26   135.147673  129.144630  272          102         4          False
27   141.220098  127.053481    1           24         5          False
28   143.448970  128.444594  406           65         5          False
29    92.879222  132.166512    3           46         4          False
30   101.656637  131.243593    1           36         4          False
31   100.970202  134.914217    3           47         4          False
32   104.641770  130.064298    8           53         4          False
33   104.839337  130.692047    6           59         5          False
34   109.533256  133.849487    6           27         5          False
35   107.732081  134.871335  309          215         4          False
36   105.348625  130.569897  551          185         4          False
37   124.488528  133.489972    3           48         4          False
38   126.544838  134.459701    5           24         4          False
39   125.219178  134.190992  236          229         5          False
40   128.247065  130.235783    6           20         4          False
41   126.289483  130.120534  566          123         5          False
42   139.293406  131.186097    3           31         5          False
43   138.220796  131.239475  333          106         5          False
44   139.349628  132.617346  354          205         4          False
45   137.820427  130.486612  226          181         4          False
46   145.277856  131.186473  423           96         4          False
47   159.487270  134.509570    1           32         4          False
48    95.735040  139.298159  466          107         5          False
49   111.702070  135.712624    4           34         5          False
50   112.809686  138.676479  568          259         4          False
51   112.977659  139.902602  593          123         4          False
52   112.889925  136.319481  313          260         4          False
53   119.472316  135.062737  273          117         5          False
54   116.960154  135.029554  545          237         5          False
55   120.654501  136.571595  396          263         4          False
56   120.588307  139.763107    2           18         4          False
57   124.380012  138.434376    9           57         4          False
58   125.177656  137.238277  264          256         4          False
59   133.207993  136.920267    9           51         5          False
60   136.028550  139.670177  408          252         4          False
61   137.258609  136.238874    7           22         5          False
62   138.863284  136.647576    8           26         4          False
63   135.612830  139.488328    1           42         5          False
64   135.600384  136.108466    6           33         5          False
65   110.948485  143.721233    4           26         4          False
66   120.051296  143.593475  330          235         5          False
67   123.462282  141.520020    5           41         4          False
68   123.300516  143.157849    8           30         5          False
69   124.448330  140.277812  401          161         5          False
70   122.010086  144.786944    9           45         5          False
71   122.091575  144.481178    7           24         4          False
72   124.956629  141.737872    3           47         5          False
73   122.016749  140.792242    6           32         4          False
74   126.023132  143.878930  218          231         5          False
75   128.070753  140.055452    2           44         4          False
76   127.828527  144.343167  443           88         5          False
77   130.474766  143.191828    7           47         5          False
78   137.386925  142.208143  383          139         5          False
79   138.877067  140.949464    5           28         4          False
80   143.670991  144.022846    2           21         5          False
81   100.454021  147.674497  440          160         4          False
82   108.745486  149.212586    6           37         5          False
83   107.218532  149.733755    7           51         5          False
84   117.994272  147.333761    5           19         5          False
85   118.507276  146.860511    1           16         4          False
86   115.788240  145.897384    8           36         5          False
87   118.807772  146.993649  450          200         4          False
88   120.603200  145.704690  576          148         5          False
89   124.232416  149.295398  464          114         5          False
90   122.531849  147.803779    2           21         4          False
91   124.188863  148.157488  597          141         5          False
92   121.329516  147.729576  581          150         5          False
93   126.753939  146.677405  478          200         4          False
94   129.221526  145.557717    2           30         5          False
95   125.822747  145.129325  464           82         4          False
96   129.609853  148.905636  531          180         5          False
97   126.094857  148.463523    8           54         4          False
98   128.069447  146.768431  592          177         5          False
99   127.127087  146.786524    2           16         4          False
100  132.168992  146.216084  331          177         4          False
101  133.930561  146.638781    5           46         4          False
102  134.046197  148.728002    3           35         4          False
103  132.119738  147.185474  419          162         4          False
104  130.582744  148.421481    8           23         4          False
105  135.950911  147.731707  312          169         4          False
106  136.620831  146.919885    5           21         5          False
107  137.884311  149.994792    8           26         5          False
108  136.589523  146.106465  504          164         5          False
109  137.903868  146.534658    7           19         4          False
110  136.943306  147.637457  282          123         5          False
111  103.021605  153.841965    9           19         4          False
112  105.774137  153.894456  508          163         4          False
113  108.274706  153.937260  571          182         4          False
114  108.550937  154.548049    2           35         4          False
115  109.181483  154.976882    4           34         5          False
116  111.105724  153.647015    2           37         5          False
117  117.679661  151.578180    2           45         4          False
118  117.515417  154.885804    1           27         5          False
119  115.300476  151.898790    5           42         5          False
120  118.208878  151.075501    9           35         5          False
121  115.144289  154.079353  484          213         4          False
122  117.983614  152.844582    2           24         5          False
123  116.313098  151.925427  240          207         5          False
124  117.148181  150.865375  272          103         5          False
125  117.905182  154.908981    8           38         4          False
126  115.086471  152.301441    3           52         5          False
127  118.390514  153.889315  553          257         5          False
128  119.909316  152.995681  295          156         4          False
129  115.371118  150.189946    5           52         4          False
130  117.025397  154.290423  580          137         4          False
131  115.254236  153.562747    6           27         5          False
132  116.073048  150.926113  312          102         4          False
133  119.442120  154.937154    1           50         4          False
134  115.026507  152.471946    2           39         5          False
135  116.758094  153.426149  229          114         5          False
136  118.688204  154.269861  551          118         5          False
137  117.974982  152.949052  588          248         5          False
138  115.661200  153.527921  573          239         4          False
139  116.460145  152.864748  502          158         4          False
140  117.430011  154.876263  493          267         5          False
141  115.518903  152.083519  446          186         4          False
142  119.278328  151.781356    3           51         5          False
143  123.014682  152.692643    5           22         4          False
144  123.614647  153.855637    4           15         5          False
145  122.340647  154.843883  531           63         5          False
146  124.418869  153.897728    1           51         5          False
147  122.756666  150.946318  329          227         4          False
148  123.255778  153.327755    5           43         5          False
149  121.505831  154.573451    7           27         4          False
150  122.083972  153.488084    9           28         4          False
151  124.211551  150.594808    9           49         5          False
152  123.160776  151.264242  200           63         4          False
153  120.698231  151.041219  558           86         5          False
154  124.505825  152.742078  536           66         4          False
155  126.596194  152.673415    8           30         5          False
156  128.323738  152.917904    2           17         4          False
157  125.698198  153.157351  411          139         4          False
158  128.104551  151.007044    3           45         4          False
159  129.905653  150.351049  284          103         5          False
160  129.204598  151.560654  528          252         4          False
161  125.511690  152.931071    5           36         5          False
162  130.190016  150.670802  282          267         5          False
163  132.626673  150.774094  347          193         5          False
164  131.582815  150.137882  584          212         4          False
165  134.025066  153.796477    1           22         5          False
166  133.109415  150.008393  554          154         5          False
167  131.946401  151.631758    4           35         4          False
168  134.826496  153.263908  391           91         4          False
169  139.678814  151.018118  224          236         5          False
170  138.101792  150.732163    6           31         4          False
171  139.225820  151.427906    2           31         5          False
172  137.412033  150.510107    8           42         5          False
173  143.057107  153.534897    1           44         5          False
174  140.061677  151.673208    6           58         4          False
175   99.783130  158.341025  566          211         5          False
176   98.627068  157.200147    3           34         4          False
177  104.851751  156.597902    7           16         4          False
178  101.978715  157.601901  467          139         4          False
179  108.099609  159.447839  352           60         4          False
180  110.992733  156.560810    5           32         4          False
181  110.123181  159.142717    5           42         5          False
182  112.708603  156.874859  358          253         5          False
183  111.140996  157.916958  345          211         5          False
184  111.895790  155.632462  598          102         4          False
185  114.134696  155.836523    6           20         5          False
186  112.721264  156.354033  333           66         4          False
187  113.734139  158.168368    4           58         5          False
188  111.937904  157.847007  538          260         4          False
189  112.694315  156.100616    3           48         4          False
190  112.930060  157.013243    6           54         4          False
191  115.038438  155.184137  272           62         4          False
192  115.116534  158.730195    9           27         5          False
193  117.897518  156.225948    6           32         5          False
194  115.800711  157.761641  242          214         4          False
195  119.764954  155.859415  256          208         4          False
196  117.968077  158.346068  388           94         5          False
197  118.325383  155.320024  534          120         4          False
198  118.877992  157.073312    9           18         4          False
199  119.450932  158.612870    3           17         4          False
200  118.985657  155.494237    4           56         4          False
201  118.743927  159.602865    2           48         4          False
202  119.710270  158.429520    4           40         5          False
203  115.730042  157.815663  375          236         4          False
204  119.940812  158.629977    9           20         5          False
205  115.717243  155.401059  255          250         5          False
206  117.021128  158.348143    8           59         4          False
207  119.063265  157.034629    7           30         5          False
208  119.485015  156.219183    1           38         5          False
209  115.812654  158.398943    7           37         4          False
210  119.528779  158.510050  351          169         4          False
211  118.816850  159.073188  514          267         4          False
212  121.373062  158.860414  595          131         5          False
213  121.278235  156.408969    7           49         4          False
214  123.473306  158.719267  380          116         5          False
215  123.069763  156.345473    2           18         4          False
216  122.985591  155.591469  399          256         4          False
217  121.426233  158.456029    5           19         4          False
218  122.865224  158.719559  556          182         4          False
219  121.613527  157.254420  253          167         4          False
220  122.617343  158.606608    4           20         5          False
221  120.308040  157.733734    9           54         4          False
222  124.704334  159.766091  345          164         4          False
223  124.127948  156.626124    8           47         5          False
224  122.967172  158.093056  222          167         4          False
225  124.799583  156.175036    4           25         4          False
226  123.876510  155.393391    7           16         5          False
227  122.146814  159.452122    1           29         5          False
228  122.631096  155.711633  286          110         4          False
229  121.098427  159.129557    1           38         4          False
230  120.676842  159.127914  487          188         5          False
231  124.825656  159.461283    5           33         5          False
232  120.752637  157.373500    8           44         5          False
233  120.464682  158.112721  481          207         4          False
234  124.481315  156.262715  218          165         4          False
235  124.764316  157.684657    4           45         5          False
236  121.499757  157.469549  243          214         5          False
237  122.165605  156.842267    8           31         5          False
238  123.149103  156.933558    9           15         5          False
239  120.953346  155.571381    7           49         5          False
240  126.162448  158.574474  344          190         4          False
241  127.321928  157.994577  554          114         4          False
242  126.549004  156.948608  257          127         5          False
243  126.277900  159.348963    8           26         4          False
244  126.132974  156.328877  415          255         4          False
245  126.021164  159.213671  460          252         4          False
246  129.368119  157.592814  577          161         4          False
247  128.678277  157.271934  394          144         5          False
248  127.540426  156.711018    6           45         4          False
249  125.192412  158.362897    4           35         5          False
250  129.797542  159.583633  386           76         5          False
251  132.364045  157.249013    4           53         4          False
252  132.182519  159.724043  575          170         4          False
253  133.172056  155.324266    8           40         4          False
254  130.289657  157.951273  320          179         5          False
255  137.480636  158.407643  279           94         5          False
256  135.484152  158.156675    1           26         5          False
257  139.821856  158.468218  583          242         4          False
258   91.273668  163.890198    1           29         5          False
259  106.496326  160.244466    4           44         5          False
260  108.144900  160.463425    7           57         4          False
261  113.743527  161.276053  557          216         4          False
262  114.181195  160.156106    6           58         5          False
263  110.512481  160.059844    1           24         5          False
264  115.180324  164.091567    9           22         5          False
265  119.528678  161.246100    4           56         4          False
266  115.779029  160.837190  458          246         4          False
267  118.492817  163.105945  437          241         4          False
268  115.826544  164.335975    2           59         4          False
269  116.561888  161.842988  218           67         5          False
270  117.867725  163.459919    3           56         4          False
271  116.674718  162.803547    8           36         5          False
272  117.588559  162.113115    4           31         5          False
273  116.909369  161.286726    8           41         5          False
274  115.646326  160.727388  496          256         4          False
275  115.452282  160.356245  504          162         5          False
276  116.552435  162.576190  264          156         5          False
277  117.125259  160.592028    2           47         5          False
278  115.532799  163.967150    5           48         5          False
279  122.970087  164.614017  530          169         5          False
280  121.697347  163.691279  254          243         4          False
281  123.298260  163.262766  307          206         5          False
282  120.954615  162.185085  595          252         4          False
283  121.799883  164.745635  237          233         5          False
284  123.823941  164.188615    2           40         4          False
285  122.313507  164.072635    3           44         4          False
286  124.988180  163.390368  373          228         5          False
287  121.657706  162.625526    1           43         4          False
288  123.375603  164.730951  287          171         4          False
289  121.834568  162.408198    9           44         5          False
290  123.996879  162.519109  314          205         5          False
291  123.888005  164.736169  537          174         5          False
292  124.869344  160.926675    2           25         4          False
293  120.429848  162.518006  487          141         4          False
294  122.780505  161.310073    4           16         5          False
295  121.811963  160.463886    4           46         5          False
296  121.604849  161.765475  429          142         5          False
297  121.399176  162.875691    3           51         5          False
298  120.008471  164.501139  487          120         5          False
299  122.718865  163.419282    4           55         4          False
300  120.840270  161.307214  480          195         4          False
301  122.814178  162.521177    1           44         4          False
302  120.196895  160.900701  571          135         5          False
303  121.530085  162.468253  499          259         5          False
304  129.630331  164.124305    1           31         4          False
305  128.797066  162.930128    3           28         4          False
306  127.215848  162.362033  231          213         5          False
307  128.142306  164.874693    1           46         4          False
308  125.959479  161.158551    7           41         5          False
309  127.021600  163.923063    9           46         5          False
310  127.964213  161.044194    2           38         5          False
311  129.397153  163.907052    5           20         5          False
312  128.776096  163.975523  256           97         5          False
313  127.292914  161.284495    6           27         4          False
314  126.428096  164.947644    7           56         4          False
315  126.516726  162.686527    4           41         5          False
316  126.512649  162.537052    6           19         5          False
317  128.256025  164.169421    3           55         5          False
318  125.028289  163.974817    9           34         5          False
319  128.670762  160.281003  387          213         4          False
320  126.979649  161.549577    1           18         5          False
321  129.962313  163.375866    9           54         4          False
322  128.452061  162.697679  387          220         4          False
323  133.425554  163.996606    9           48         4          False
324  134.302035  164.825046  338           94         5          False
325  130.277803  164.220777    2           59         4          False
326  138.264205  164.465788  347          191         4          False
327  139.373217  161.710327  225          192         4          False
328  143.336367  162.406994  287          113         5          False
329  140.192649  161.736789    1           18         4          False
330  149.931667  160.037502  335          147         5          False
331  149.276483  161.270518    7           43         4          False
332  146.981153  162.515526    2           45         4          False
333  104.273482  166.226463    1           57         4          False
334  101.480057  169.180442    8           38         5          False
335  104.399520  165.212781  447           63         4          False
336  101.049960  167.184188  343          228         5          False
337  101.262814  166.972966  316          176         5          False
338  102.525435  166.561574    1           50         4          False
339  112.401070  167.793726  222          231         5          False
340  112.917405  167.173251  525           99         4          False
341  112.183971  169.491423    1           28         4          False
342  110.505606  168.457245  554          172         5          False
343  112.884262  168.013253    6           55         5          False
344  112.213451  167.676414    2           51         5          False
345  114.080526  167.761803    1           55         5          False
346  113.857512  166.672825    4           30         4          False
347  114.177464  165.153727  368           63         5          False
348  111.395880  168.355981  400           74         4          False
349  114.775557  169.197962  510          192         5          False
350  117.643596  165.912173    2           40         5          False
351  115.185041  167.454287    7           29         4          False
352  120.965053  167.870400    5           31         4          False
353  120.955147  165.033427    2           55         4          False
354  127.222154  165.665526  228          153         4          False
355  126.671221  169.082493  459           79         5          False
356  127.239298  168.801338    9           55         4          False
357  132.821900  169.206364  306          114         4          False
358  132.163523  169.767213    4           23         4          False
359  144.068631  166.466854  287          116         4          False
360  104.332804  170.466632  316          229         4          False
361  106.128736  170.374529  231          122         5          False
362  106.703437  173.242965  541           73         5          False
363  115.764085  172.096609  456          110         5          False
364  118.354132  173.065112    8           35         4          False
365  121.536713  172.284431    7           27         4          False
366  124.251949  171.814042    9           50         4          False
367  127.528541  171.790704  476          229         5          False
368  126.253787  172.649022    7           37         5          False
369  127.555236  173.175459  573          121         4          False
370  125.825720  170.685462    4           15         5          False
371  131.923566  171.667923    9           21         4          False
372  131.204540  173.032625    3           28         4          False
373  136.620220  170.399504  453           83         5          False
374   98.142720  175.053973    7           15         4          False
375  118.237270  175.269422    1           19         5          False
376  122.459111  176.367879  572           72         4          False
377  120.606687  178.127882  397          238         5          False
378  121.347489  178.704463  289          223         4          False
379  128.600087  178.038141  265          261         5          False
380  130.437619  178.135955  514          195         4          False
381  135.021618  178.249503    6           30         5          False
382  144.770239  177.094814  423          150         5          False
383  140.624689  178.775792    9           43         4          False
384  143.752724  179.400170    2           29         5          False
385  156.522202  176.312464    7           20         4          False
386   98.174728  184.865378    4           48         4          False
387  100.270979  181.398512    1           56         5          False
388  103.589219  181.381556    9           15         5          False
389  102.698698  180.098026  396          188         4          False
390  135.101669  182.760988  502          190         4          False
391  136.278087  184.284942    2           44         5          False
392  128.894678  185.669774    2           23         5          False
393  133.073575  188.883757  484          209         5          False
394  134.190537  189.603696    3           26         5          False
395  150.236470  189.683088  546           73         5          False
396   97.476064  194.650582    9           24         5          False
397  126.549292  194.248366    7           24         4          False
398   68.394781  199.897197  363          127         5          False
399  149.789654  203.276246    8           21         5          False
 DAY: 2 
              x           y   kg  set_up_time  last_day  yet_postponed
0    117.867725  163.459919    3           56         4          False
1    115.646326  160.727388  496          256         4          False
2    121.697347  163.691279  254          243         4          False
3    120.954615  162.185085  595          252         4          False
4    123.823941  164.188615    2           40         4          False
5    122.313507  164.072635    3           44         4          False
6    121.657706  162.625526    1           43         4          False
7    123.375603  164.730951  287          171         4          False
8    124.869344  160.926675    2           25         4          False
9    120.429848  162.518006  487          141         4          False
10   122.718865  163.419282    4           55         4          False
11   120.840270  161.307214  480          195         4          False
12   122.814178  162.521177    1           44         4          False
13   129.630331  164.124305    1           31         4          False
14   128.797066  162.930128    3           28         4          False
15   128.142306  164.874693    1           46         4          False
16   127.292914  161.284495    6           27         4          False
17   126.428096  164.947644    7           56         4          False
18   128.670762  160.281003  387          213         4          False
19   129.962313  163.375866    9           54         4          False
20   128.452061  162.697679  387          220         4          False
21   133.425554  163.996606    9           48         4          False
22   130.277803  164.220777    2           59         4          False
23   138.264205  164.465788  347          191         4          False
24   139.373217  161.710327  225          192         4          False
25   140.192649  161.736789    1           18         4          False
26   149.276483  161.270518    7           43         4          False
27   146.981153  162.515526    2           45         4          False
28   104.273482  166.226463    1           57         4          False
29   104.399520  165.212781  447           63         4          False
30   102.525435  166.561574    1           50         4          False
31   112.917405  167.173251  525           99         4          False
32   112.183971  169.491423    1           28         4          False
33   113.857512  166.672825    4           30         4          False
34   111.395880  168.355981  400           74         4          False
35   115.185041  167.454287    7           29         4          False
36   120.965053  167.870400    5           31         4          False
37   120.955147  165.033427    2           55         4          False
38   127.222154  165.665526  228          153         4          False
39   127.239298  168.801338    9           55         4          False
40   132.821900  169.206364  306          114         4          False
41   132.163523  169.767213    4           23         4          False
42   144.068631  166.466854  287          116         4          False
43   104.332804  170.466632  316          229         4          False
44   118.354132  173.065112    8           35         4          False
45   121.536713  172.284431    7           27         4          False
46   124.251949  171.814042    9           50         4          False
47   127.555236  173.175459  573          121         4          False
48   131.923566  171.667923    9           21         4          False
49   131.204540  173.032625    3           28         4          False
50    98.142720  175.053973    7           15         4          False
51   122.459111  176.367879  572           72         4          False
52   121.347489  178.704463  289          223         4          False
53   130.437619  178.135955  514          195         4          False
54   140.624689  178.775792    9           43         4          False
55   156.522202  176.312464    7           20         4          False
56    98.174728  184.865378    4           48         4          False
57   102.698698  180.098026  396          188         4          False
58   135.101669  182.760988  502          190         4          False
59   126.549292  194.248366    7           24         4          False
60   133.517530  101.472158    4           24         5          False
61   161.302944  106.468154    8           30         5          False
62   174.493788  105.771965  334           73         5          False
63   115.999916  113.409026  384          123         5          False
64   116.010311  116.240539    8           22         5          False
65   106.721406  124.931391    6           17         5          False
66   116.608217  121.813138  484           61         5          False
67   121.674213  120.693516    4           41         5          False
68   123.446612  120.664456  200          159         5          False
69    21.807163  126.254899  281           95         5          False
70   127.520103  128.421226  324          181         5          False
71   130.086616  128.313247  286          154         5          False
72   141.220098  127.053481    1           24         5          False
73   143.448970  128.444594  406           65         5          False
74   104.839337  130.692047    6           59         5          False
75   109.533256  133.849487    6           27         5          False
76   125.219178  134.190992  236          229         5          False
77   126.289483  130.120534  566          123         5          False
78   139.293406  131.186097    3           31         5          False
79   138.220796  131.239475  333          106         5          False
80    95.735040  139.298159  466          107         5          False
81   111.702070  135.712624    4           34         5          False
82   119.472316  135.062737  273          117         5          False
83   116.960154  135.029554  545          237         5          False
84   133.207993  136.920267    9           51         5          False
85   137.258609  136.238874    7           22         5          False
86   135.612830  139.488328    1           42         5          False
87   135.600384  136.108466    6           33         5          False
88   120.051296  143.593475  330          235         5          False
89   123.300516  143.157849    8           30         5          False
90   124.448330  140.277812  401          161         5          False
91   122.010086  144.786944    9           45         5          False
92   124.956629  141.737872    3           47         5          False
93   126.023132  143.878930  218          231         5          False
94   127.828527  144.343167  443           88         5          False
95   130.474766  143.191828    7           47         5          False
96   137.386925  142.208143  383          139         5          False
97   143.670991  144.022846    2           21         5          False
98   108.745486  149.212586    6           37         5          False
99   107.218532  149.733755    7           51         5          False
100  117.994272  147.333761    5           19         5          False
101  115.788240  145.897384    8           36         5          False
102  120.603200  145.704690  576          148         5          False
103  124.232416  149.295398  464          114         5          False
104  124.188863  148.157488  597          141         5          False
105  121.329516  147.729576  581          150         5          False
106  129.221526  145.557717    2           30         5          False
107  129.609853  148.905636  531          180         5          False
108  128.069447  146.768431  592          177         5          False
109  136.620831  146.919885    5           21         5          False
110  137.884311  149.994792    8           26         5          False
111  136.589523  146.106465  504          164         5          False
112  136.943306  147.637457  282          123         5          False
113  109.181483  154.976882    4           34         5          False
114  111.105724  153.647015    2           37         5          False
115  117.515417  154.885804    1           27         5          False
116  115.300476  151.898790    5           42         5          False
117  118.208878  151.075501    9           35         5          False
118  117.983614  152.844582    2           24         5          False
119  116.313098  151.925427  240          207         5          False
120  117.148181  150.865375  272          103         5          False
121  115.086471  152.301441    3           52         5          False
122  118.390514  153.889315  553          257         5          False
123  115.254236  153.562747    6           27         5          False
124  115.026507  152.471946    2           39         5          False
125  116.758094  153.426149  229          114         5          False
126  118.688204  154.269861  551          118         5          False
127  117.974982  152.949052  588          248         5          False
128  117.430011  154.876263  493          267         5          False
129  119.278328  151.781356    3           51         5          False
130  123.614647  153.855637    4           15         5          False
131  122.340647  154.843883  531           63         5          False
132  124.418869  153.897728    1           51         5          False
133  123.255778  153.327755    5           43         5          False
134  124.211551  150.594808    9           49         5          False
135  120.698231  151.041219  558           86         5          False
136  126.596194  152.673415    8           30         5          False
137  129.905653  150.351049  284          103         5          False
138  125.511690  152.931071    5           36         5          False
139  130.190016  150.670802  282          267         5          False
140  132.626673  150.774094  347          193         5          False
141  134.025066  153.796477    1           22         5          False
142  133.109415  150.008393  554          154         5          False
143  139.678814  151.018118  224          236         5          False
144  139.225820  151.427906    2           31         5          False
145  137.412033  150.510107    8           42         5          False
146  143.057107  153.534897    1           44         5          False
147   99.783130  158.341025  566          211         5          False
148  110.123181  159.142717    5           42         5          False
149  112.708603  156.874859  358          253         5          False
150  111.140996  157.916958  345          211         5          False
151  114.134696  155.836523    6           20         5          False
152  113.734139  158.168368    4           58         5          False
153  115.116534  158.730195    9           27         5          False
154  117.897518  156.225948    6           32         5          False
155  117.968077  158.346068  388           94         5          False
156  119.710270  158.429520    4           40         5          False
157  119.940812  158.629977    9           20         5          False
158  115.717243  155.401059  255          250         5          False
159  119.063265  157.034629    7           30         5          False
160  119.485015  156.219183    1           38         5          False
161  121.373062  158.860414  595          131         5          False
162  123.473306  158.719267  380          116         5          False
163  122.617343  158.606608    4           20         5          False
164  124.127948  156.626124    8           47         5          False
165  123.876510  155.393391    7           16         5          False
166  122.146814  159.452122    1           29         5          False
167  120.676842  159.127914  487          188         5          False
168  124.825656  159.461283    5           33         5          False
169  120.752637  157.373500    8           44         5          False
170  124.764316  157.684657    4           45         5          False
171  121.499757  157.469549  243          214         5          False
172  122.165605  156.842267    8           31         5          False
173  123.149103  156.933558    9           15         5          False
174  120.953346  155.571381    7           49         5          False
175  126.549004  156.948608  257          127         5          False
176  128.678277  157.271934  394          144         5          False
177  125.192412  158.362897    4           35         5          False
178  129.797542  159.583633  386           76         5          False
179  130.289657  157.951273  320          179         5          False
180  137.480636  158.407643  279           94         5          False
181  135.484152  158.156675    1           26         5          False
182   91.273668  163.890198    1           29         5          False
183  106.496326  160.244466    4           44         5          False
184  114.181195  160.156106    6           58         5          False
185  110.512481  160.059844    1           24         5          False
186  115.180324  164.091567    9           22         5          False
187  116.561888  161.842988  218           67         5          False
188  116.674718  162.803547    8           36         5          False
189  117.588559  162.113115    4           31         5          False
190  116.909369  161.286726    8           41         5          False
191  115.452282  160.356245  504          162         5          False
192  116.552435  162.576190  264          156         5          False
193  117.125259  160.592028    2           47         5          False
194  115.532799  163.967150    5           48         5          False
195  122.970087  164.614017  530          169         5          False
196  123.298260  163.262766  307          206         5          False
197  121.799883  164.745635  237          233         5          False
198  124.988180  163.390368  373          228         5          False
199  121.834568  162.408198    9           44         5          False
200  123.996879  162.519109  314          205         5          False
201  123.888005  164.736169  537          174         5          False
202  122.780505  161.310073    4           16         5          False
203  121.811963  160.463886    4           46         5          False
204  121.604849  161.765475  429          142         5          False
205  121.399176  162.875691    3           51         5          False
206  120.008471  164.501139  487          120         5          False
207  120.196895  160.900701  571          135         5          False
208  121.530085  162.468253  499          259         5          False
209  127.215848  162.362033  231          213         5          False
210  125.959479  161.158551    7           41         5          False
211  127.021600  163.923063    9           46         5          False
212  127.964213  161.044194    2           38         5          False
213  129.397153  163.907052    5           20         5          False
214  128.776096  163.975523  256           97         5          False
215  126.516726  162.686527    4           41         5          False
216  126.512649  162.537052    6           19         5          False
217  128.256025  164.169421    3           55         5          False
218  125.028289  163.974817    9           34         5          False
219  126.979649  161.549577    1           18         5          False
220  134.302035  164.825046  338           94         5          False
221  143.336367  162.406994  287          113         5          False
222  149.931667  160.037502  335          147         5          False
223  101.480057  169.180442    8           38         5          False
224  101.049960  167.184188  343          228         5          False
225  101.262814  166.972966  316          176         5          False
226  112.401070  167.793726  222          231         5          False
227  110.505606  168.457245  554          172         5          False
228  112.884262  168.013253    6           55         5          False
229  112.213451  167.676414    2           51         5          False
230  114.080526  167.761803    1           55         5          False
231  114.177464  165.153727  368           63         5          False
232  114.775557  169.197962  510          192         5          False
233  117.643596  165.912173    2           40         5          False
234  126.671221  169.082493  459           79         5          False
235  106.128736  170.374529  231          122         5          False
236  106.703437  173.242965  541           73         5          False
237  115.764085  172.096609  456          110         5          False
238  127.528541  171.790704  476          229         5          False
239  126.253787  172.649022    7           37         5          False
240  125.825720  170.685462    4           15         5          False
241  136.620220  170.399504  453           83         5          False
242  118.237270  175.269422    1           19         5          False
243  120.606687  178.127882  397          238         5          False
244  128.600087  178.038141  265          261         5          False
245  135.021618  178.249503    6           30         5          False
246  144.770239  177.094814  423          150         5          False
247  143.752724  179.400170    2           29         5          False
248  100.270979  181.398512    1           56         5          False
249  103.589219  181.381556    9           15         5          False
250  136.278087  184.284942    2           44         5          False
251  128.894678  185.669774    2           23         5          False
252  133.073575  188.883757  484          209         5          False
253  134.190537  189.603696    3           26         5          False
254  150.236470  189.683088  546           73         5          False
255   97.476064  194.650582    9           24         5          False
256   68.394781  199.897197  363          127         5          False
257  149.789654  203.276246    8           21         5          False
258  126.428096  164.947644    7           56         4          False
259  127.292914  161.284495    6           27         4          False
260  128.142306  164.874693    1           46         4          False
261  128.797066  162.930128    3           28         4          False
262  129.630331  164.124305    1           31         4          False
263  122.814178  162.521177    1           44         4          False
264  120.840270  161.307214  480          195         4          False
265  122.718865  163.419282    4           55         4          False
266  120.429848  162.518006  487          141         4          False
267  124.869344  160.926675    2           25         4          False
268  123.375603  164.730951  287          171         4          False
269  121.657706  162.625526    1           43         4          False
270  122.313507  164.072635    3           44         4          False
271  123.823941  164.188615    2           40         4          False
272  120.954615  162.185085  595          252         4          False
273  121.697347  163.691279  254          243         4          False
274  115.646326  160.727388  496          256         4          False
275  117.867725  163.459919    3           56         4          False
276  152.029038   86.814952  361           67         6          False
277   91.230812   92.078637  272          172         6          False
278  166.689506   96.147770  469           70         6          False
279  169.208874   99.487566    9           21         6          False
280  149.623149  104.776717    6           40         5          False
281  172.233839  100.825689    9           50         6          False
282  130.492410  105.583932  499           88         6          False
283  154.806952  105.966965    2           47         6          False
284  167.856843  105.359963    9           42         6          False
285  119.618677  112.505165  219          138         5          False
286  115.282041  113.649656  429          250         5          False
287  119.602524  114.479265  371          118         6          False
288  118.852725  114.029465  516          187         5          False
289  171.405332  114.068109  406          186         5          False
290  119.173191  119.919626    5           17         5          False
291  118.672747  117.077355  313          152         5          False
292  124.399343  118.632290  571          132         5          False
293  121.821651  115.884889    3           41         5          False
294  120.053675  118.254168  454          207         5          False
295  143.285102  118.555008    2           57         5          False
296  141.135612  117.265862    9           46         6          False
297  145.127190  115.437346    2           42         5          False
298  101.052940  124.756542    3           22         6          False
299  119.843493  124.392189    9           53         5          False
300  116.657809  122.764327    8           39         6          False
301  121.011181  123.814443  542          265         5          False
302  124.247871  120.895896  487          117         5          False
303  142.294513  121.699121  352          139         6          False
304  100.773503  128.141603    4           17         5          False
305  132.241925  125.795658    4           22         5          False
306  144.503153  128.412498    4           36         6          False
307  144.533615  126.387720    7           21         6          False
308  145.512158  129.712783  587          149         5          False
309   23.978114  132.738500    7           52         6          False
310   90.731424  130.422033    9           30         6          False
311  100.022813  133.816683    9           54         6          False
312  102.289632  130.869907  523          105         6          False
313  102.415655  131.193632    4           26         6          False
314  102.888305  134.010444    1           39         5          False
315  102.307432  134.630320    3           50         5          False
316  103.611769  131.080345  290          238         6          False
317  107.084976  132.916091  549          111         6          False
318  106.521416  132.162122    7           41         5          False
319  105.667574  134.655185  457          129         5          False
320  123.965406  134.555921  599          137         6          False
321  122.925424  131.465287    8           42         6          False
322  128.141805  130.644550    5           25         5          False
323  132.744268  134.865435  426          128         5          False
324  138.008372  133.568465  493          238         5          False
325  136.748646  130.725984  210           84         5          False
326  137.249255  134.712279    9           31         5          False
327  140.361640  130.261435    6           55         5          False
328  141.793713  131.439797    7           58         5          False
329  164.902788  130.605714  433          264         6          False
330   94.431325  135.981727    5           25         6          False
331  110.922627  138.351538    6           32         6          False
332  113.492750  139.652404    9           50         6          False
333  111.226642  136.545764  336          203         6          False
334  110.314614  136.631289    8           58         6          False
335  113.549584  135.096916  553          117         6          False
336  110.998887  135.057669    2           37         6          False
337  122.502684  137.612644  469          191         6          False
338  120.581833  137.043055    9           18         6          False
339  120.804154  139.099308  258           67         5          False
340  128.200601  137.261853    7           44         5          False
341  130.850063  137.543665  412           86         6          False
342  134.047447  136.736357    3           18         6          False
343  130.321303  135.805293  286          207         5          False
344  138.227424  136.299150    3           29         6          False
345  139.910610  136.239301    3           22         5          False
346  135.965455  138.600829  366          161         5          False
347  143.767222  137.252248  204          123         5          False
348  170.520876  138.493967  294          225         6          False
349   88.047494  142.564194  343          189         5          False
350  123.793260  143.059328    3           38         5          False
351  127.391900  140.660216    2           58         5          False
352  133.425100  144.726823    7           52         5          False
353  130.390498  140.489157    9           17         5          False
354  135.184948  143.045025  402           72         6          False
355  136.030796  140.565898  326          130         5          False
356  104.454434  147.683824  299          186         6          False
357  101.696670  145.896935    7           18         5          False
358  111.592493  147.123133  237          139         6          False
359  111.834838  146.282419    7           33         5          False
360  123.363021  148.182451    1           20         5          False
361  123.236668  149.800815    5           29         5          False
362  121.308974  148.478041  498          225         5          False
363  127.246232  145.991766    8           28         6          False
364  129.349272  149.468946    9           31         6          False
365  125.468923  145.390551    6           17         6          False
366  126.166053  145.787858    7           45         5          False
367  130.949623  147.122349  286          115         6          False
368  130.997012  145.180318    4           50         5          False
369  131.717733  147.311285  519          113         5          False
370  139.464805  145.584989  531          263         6          False
371  136.803156  147.437084    7           47         6          False
372   81.979294  153.544123  230          153         5          False
373  107.848139  152.816373  264          261         5          False
374  106.963247  151.941607  544          155         5          False
375  108.625219  152.937456  427          226         5          False
376  118.593487  150.196550  339          233         5          False
377  118.715951  152.082650  221          254         5          False
378  115.151970  153.685903  342           94         6          False
379  117.574399  153.835060    9           15         6          False
380  118.097147  152.474972  423           66         5          False
381  118.108191  151.143922  382          212         6          False
382  115.836101  150.169989    7           21         6          False
383  119.719214  150.633962  506          263         6          False
384  117.522754  151.936504  385          233         5          False
385  116.220960  152.328903    3           44         6          False
386  118.913879  151.165310  558          194         6          False
387  119.740232  150.556443  483           98         5          False
388  116.578325  153.939494    3           29         6          False
389  116.862775  154.089088    3           32         5          False
390  118.240138  150.543845    7           20         5          False
391  119.253293  151.585717  565          219         5          False
392  118.693891  152.741830  554           69         6          False
393  115.014531  151.699025  263          139         5          False
394  119.486862  152.882436    7           24         6          False
395  117.133555  150.121049    4           31         5          False
396  119.388600  154.835496  361          186         5          False
397  118.264207  153.718250  496          235         6          False
398  116.745604  152.649591    2           49         5          False
399  116.598833  153.781193  563          224         6          False
400  117.627033  150.716519  453          186         5          False
401  116.147439  153.404682  417           70         6          False
402  118.351129  152.937179    8           43         6          False
403  115.537751  151.420344  521           73         6          False
404  119.840758  154.637875    1           55         5          False
405  119.620302  152.495725    3           40         5          False
406  117.296149  150.456923  521          236         6          False
407  120.192519  154.730254  235          222         5          False
408  122.427452  151.832742    1           32         5          False
409  124.417797  153.959271  258          198         6          False
410  121.418882  154.631375    7           56         6          False
411  121.702544  151.916627  382          186         5          False
412  120.638894  150.566102    7           59         5          False
413  122.711017  151.800396    6           53         5          False
414  123.608959  154.062169  536           77         5          False
415  122.550985  150.267160    5           43         6          False
416  124.885368  151.904390  476          228         6          False
417  123.503278  151.138568    4           49         6          False
418  124.313210  151.308514    9           29         5          False
419  121.584226  153.566592  461          124         5          False
420  128.781334  152.966077  245          126         6          False
421  127.186676  150.806137    2           41         5          False
422  128.446198  154.787432  505           83         5          False
423  126.619027  152.531724  409          266         5          False
424  125.203443  150.691669    7           32         6          False
425  129.045767  154.260796  232          111         5          False
426  127.472832  153.886830    8           58         6          False
427  128.039110  153.628377    9           18         5          False
428  130.721563  152.306261  386          173         6          False
429  131.978467  152.954137    6           45         6          False
430  133.681569  152.666186    8           55         5          False
431  133.219663  152.726968    1           54         5          False
432  134.464633  152.589657  528          206         5          False
433  131.961032  153.946687  419          179         6          False
434  130.326743  151.690932    6           22         6          False
435  134.017893  154.619901    9           33         5          False
436  138.139230  150.775893  428          192         5          False
437  136.935209  154.314782  329          225         5          False
438  137.263257  153.511672  543          212         6          False
439  143.176146  154.259864  227          174         6          False
440  143.557896  153.235614    5           53         5          False
441  143.571352  150.975035    1           21         6          False
442  142.550959  153.754234  209          199         5          False
443   89.297930  158.596120  408           66         5          False
444   90.685709  157.079321  233          178         6          False
445   98.955107  158.948623  304           97         6          False
446  109.894306  158.791190    8           46         6          False
447  107.608340  158.271826  341          119         5          False
448  108.379549  158.913772  552          111         6          False
449  113.421009  157.736366  542          256         6          False
450  110.274693  159.512379  250          244         5          False
451  113.731882  155.756237    8           19         6          False
452  112.645036  156.784232  567          269         6          False
453  113.734009  157.556974  394           68         6          False
454  113.476632  157.475903  269           80         5          False
455  119.015193  155.933229  379          107         6          False
456  119.141941  155.061266  341           95         6          False
457  118.162172  159.617107    4           55         5          False
458  118.351621  155.071262  479          243         6          False
459  116.580000  155.494924  553          195         6          False
460  115.799126  155.543231  597          262         5          False
461  116.371177  159.470043    1           44         6          False
462  119.766423  155.886815    7           45         6          False
463  119.219050  159.371544  489          134         6          False
464  115.841721  157.758875  549          124         6          False
465  116.678413  158.544325  424          258         5          False
466  118.641595  157.085573  595           78         5          False
467  119.482217  157.633058  226          226         5          False
468  118.933308  158.524165  248          189         6          False
469  118.756559  158.668274  361           73         6          False
470  117.657874  156.809739  444           76         5          False
471  116.941774  155.347267  265           73         6          False
472  117.913378  157.588960    6           41         6          False
473  117.704545  155.694955    9           54         5          False
474  115.238162  157.509755    6           24         6          False
475  116.814266  159.355440  378          151         5          False
476  116.627519  159.791985    2           15         6          False
477  117.365608  157.088365  329          210         5          False
478  115.514507  157.621496    9           20         5          False
479  115.882085  156.074450  493           81         5          False
480  117.368594  158.463991    2           46         5          False
481  116.742555  156.457637  324          134         6          False
482  118.318222  156.434912  267           65         6          False
483  116.337023  157.275454  515          232         6          False
484  119.190209  157.793812    9           33         6          False
485  119.584136  159.483191    6           51         6          False
486  123.540016  158.009876  465          140         5          False
487  121.921663  155.136423  472          188         6          False
488  123.552124  157.547365    2           21         5          False
489  120.805156  158.653127    4           16         5          False
490  120.918503  155.602713    5           22         5          False
491  120.841015  157.208551    2           15         6          False
492  124.433006  157.560588    8           19         5          False
493  124.851970  159.540035    2           25         6          False
494  121.656767  158.438998  358          143         6          False
495  124.939144  156.394714    8           22         6          False
496  121.770043  159.203557  542          164         5          False
497  124.810538  156.137523    9           18         5          False
498  124.059205  157.312447  257           92         5          False
499  121.591918  157.282904  324          233         6          False
500  124.839577  155.246675    5           29         5          False
501  122.873684  158.121341    7           38         6          False
502  120.318931  158.266460    9           44         5          False
503  121.964227  158.038124    5           38         6          False
504  121.515482  159.242164  465           76         5          False
505  121.758404  159.663784    5           21         5          False
506  124.300730  155.501741  525          207         5          False
507  123.688367  158.467262  596           76         5          False
508  122.378637  159.502775  321          206         6          False
509  123.369364  157.305302    1           48         6          False
510  124.039400  159.009686    1           48         5          False
511  120.321049  155.170602  217          244         5          False
512  123.676650  159.419097  285          208         6          False
513  120.490824  158.226722    9           49         6          False
514  124.257339  159.316523    5           31         6          False
515  125.594699  159.122248  505          181         5          False
516  128.560226  159.827555  362          264         6          False
517  125.396165  159.730701  398          244         6          False
518  129.563147  157.484236    2           40         5          False
519  128.724553  156.576114  364          177         6          False
520  127.300583  156.146276    3           43         5          False
521  129.547488  159.629196    7           41         6          False
522  129.355919  156.389539    7           54         5          False
523  132.586651  155.800396    4           33         5          False
524  132.072461  155.376735    9           32         5          False
525  131.194681  155.840051    6           23         6          False
526  134.127591  158.656200  212          172         5          False
527  133.624154  157.030419    7           39         6          False
528  130.797981  155.475101  504           99         6          False
529  130.677000  159.746642    7           49         6          False
530  131.493289  159.286284  552          154         6          False
531  138.865020  155.890442    4           22         6          False
532  139.366502  157.505892  295          109         6          False
533  135.966860  157.373975    9           30         6          False
534   98.192155  161.692397  587          118         6          False
535  104.982046  163.444684    7           53         6          False
536  106.832245  163.603896  523          141         6          False
537  108.678528  161.447786  322          257         5          False
538  105.218539  164.086845  219          211         5          False
539  113.750927  160.551944    5           29         5          False
540  117.028828  160.748299    8           36         5          False
541  117.990559  162.292090  428          258         6          False
542  115.583475  162.829774  398          139         6          False
543  118.262202  160.399095    4           35         6          False
544  118.832973  162.912556  384          237         6          False
545  118.273872  162.518698  223          136         6          False
546  119.897680  164.212360    2           18         5          False
547  116.915906  161.098460  263          188         6          False
548  116.570499  160.143622  318          204         5          False
549  117.936142  162.473751  342          141         5          False
550  117.160865  164.155909    6           39         6          False
551  118.500168  164.406702  218           80         6          False
552  117.787583  163.229647  218          132         6          False
553  117.949676  164.123081  247          263         6          False
554  117.758784  162.149736    5           40         6          False
555  117.400380  162.186304    4           26         5          False
556  117.443093  163.111425  206           67         6          False
557  124.278135  163.756318  308          133         6          False
558  121.214476  164.404842  474          225         6          False
559  123.949338  163.996630    8           59         5          False
560  123.918389  164.402309  303          124         6          False
561  121.575243  160.472682    9           29         6          False
562  121.818469  160.265144  225          209         6          False
563  120.813485  160.769233    3           58         6          False
564  120.930322  164.135384  202          178         6          False
565  121.771642  160.038363  263          174         6          False
566  123.324965  164.707400  586          264         5          False
567  124.494499  162.954325  575          225         5          False
568  123.199046  161.971409    6           26         6          False
569  120.998862  161.595119    5           40         5          False
570  120.912299  163.694424  479          216         5          False
571  120.037415  160.200864    8           20         5          False
572  124.014461  164.020906  310          167         5          False
573  124.260939  162.239819  217           66         6          False
574  121.705692  162.593625  273          180         6          False
575  124.546315  164.235218    8           15         6          False
576  122.935709  162.039015    9           17         5          False
577  121.687078  164.669103  329          221         6          False
578  122.739559  161.648287  271          102         6          False
579  123.527965  162.098724  519          109         6          False
580  120.146691  162.793419  521          177         6          False
581  125.882668  160.365841  472          181         5          False
582  128.116990  161.133786    6           28         6          False
583  125.132231  163.501279  331          212         5          False
584  128.286176  162.320049  455          255         6          False
585  128.977702  164.455959    4           17         6          False
586  129.484938  160.862064  346          199         5          False
587  126.623195  161.167015    9           15         6          False
588  126.486175  164.171720    3           38         6          False
589  129.465748  160.131107    7           46         5          False
590  125.859071  162.883888  466          109         6          False
591  125.064439  162.918886    3           33         5          False
592  128.431261  160.736802  329          113         6          False
593  128.923380  164.857698    7           34         6          False
594  125.875248  164.937193  294          239         6          False
595  125.796906  161.215957    2           59         5          False
596  125.689060  161.503176  438          140         6          False
597  133.888301  160.028340    3           40         6          False
598  133.468089  163.771076    8           27         5          False
599  130.548461  160.944280  217           85         6          False
600  132.781770  164.417115    9           19         5          False
601  133.630997  163.241433    9           51         5          False
602  131.450198  164.797807  580          215         6          False
603  131.698779  162.601622    8           47         5          False
604  133.568336  163.331745    6           47         5          False
605  137.142020  164.978523    7           50         5          False
606  139.095534  163.512840  487          168         6          False
607  142.103982  162.059701  208          152         6          False
608   93.914168  166.468820  562          243         6          False
609  101.029186  167.139737    4           44         5          False
610  101.857764  169.237452    9           43         6          False
611  106.996161  168.547883    5           32         6          False
612  111.469027  169.742780  335          213         5          False
613  110.318535  165.424319  200           60         5          False
614  114.806872  168.043561    2           51         5          False
615  110.166844  169.812203    5           51         5          False
616  117.639528  167.165446  591          237         5          False
617  119.585591  168.660827    2           31         5          False
618  115.528041  169.705377  496          152         6          False
619  123.390070  169.935198  590           60         5          False
620  120.870309  166.067688  353           62         5          False
621  122.776978  166.877988    5           28         5          False
622  120.058157  166.113611    3           51         5          False
623  123.992495  168.452546    6           44         5          False
624  125.396606  166.843909    7           40         5          False
625  127.991806  168.143478    4           17         5          False
626  125.329686  169.171579    3           56         5          False
627  125.649906  165.262801    7           16         6          False
628  127.551319  168.640399  404          233         6          False
629  125.176868  165.730492  221          138         6          False
630  126.767312  165.256166    5           32         5          False
631  125.048311  168.060339  423          205         5          False
632  132.601200  169.901531  205          141         6          False
633  134.965111  165.627959    4           47         6          False
634  132.239684  165.336966  299          152         6          False
635  131.386151  169.380376  336          245         6          False
636  132.868535  169.523169    3           32         6          False
637  136.789735  168.573228  559          185         5          False
638  135.532698  169.446511  588          116         6          False
639  139.736577  166.853787  591          198         5          False
640   94.150145  172.621538  596          259         6          False
641  106.226342  171.422752    6           31         5          False
642  107.307827  174.356365    7           27         6          False
643  126.126119  172.439712  294           67         5          False
644  125.287678  170.507657  401           77         6          False
645  127.648502  170.882160    3           31         5          False
646  125.588659  174.408790  380           71         5          False
647  127.686288  172.153752    1           16         5          False
648  102.576280  177.014312  273          232         6          False
649  108.862451  179.568271    8           38         6          False
650  107.648588  175.701566  301          129         5          False
651  112.580252  178.163909  206           81         6          False
652  123.878105  178.167023    3           52         5          False
653  132.659963  179.350244    5           58         5          False
654  141.933558  179.761135  545          233         6          False
655  144.371344  178.154105    1           47         5          False
656  145.783949  178.676082  547          220         6          False
657   94.293531  182.760524    5           34         5          False
658  102.601879  181.818462    5           24         5          False
659  129.648120  180.690819  559          212         6          False
660  126.078934  183.348001    5           39         6          False
661  129.254399  182.949993    1           52         5          False
662  126.638376  184.620948    4           58         5          False
663  129.522750  180.046806  467          161         6          False
664  138.559625  184.433628    5           15         6          False
665  117.090924  185.083508  384           78         6          False
666  130.485224  185.642723    6           34         5          False
667  133.755559  188.145238    9           46         5          False
668  131.073659  188.287864  406          155         6          False
669  103.143569  193.339649  442          258         6          False
670  124.539592  191.195342  355          186         6          False
671  133.722776  194.467222    7           20         6          False
672  138.326024  191.873074  549          135         5          False
673  144.959641  190.064516    5           26         6          False
674   86.487484  197.973701  573           95         6          False
675  145.846030  201.690654  439          219         6          False